1
2
3
4
5
9
10
11
12
14
15
16
17
18
20
22
23
25
28
29
34
35
36
40
41
42
45
47
49
52
53
56
57
61
62
63
67
68
69
70
72
73
76
78
81
84
85
86
87
88
89
90
91
93
94
95
96
97
98
101
102
104
106
107
110
113
114
115
117
119
120
121
122
123
126
127
128
129
130
131
134
135
136
137
138
139
142
146
151
152
153
156
157
158
160
162
165
170
171
173
174
176
178
179
181
183
184
188
191
193
197
198
199
203
204
206
208
210
212
214
216
218
219
220
222
223
224
225
226
227
228
230
231
233
234
236
238
239
242
243
244
246
250
251
252
253
255
256
257
258
259
260
262
263
264
266
267
268
269
272
275
276
277
278
279
280
282
283
284
285
291
292
293
294
295
296
299
301
303
304
305
306
307
308
310
311
312
314
315
317
319
320
321
323
324
325
326
329
331
332
334
335
336
339
342
344
345
347
349
350
351
352
354
355
356
357
358
360
361
363
366
368
371
372
374
379
380
382
383
387
388
391
392
393
394
395
396
400
401
402
403
404
407
408
414
416
417
420
422
425
426
431
433
434
435
437
438
440
441
442
443
444
447
449
450
453
456
457
459
460
461
462
466
469
472
474
475
476
478
480
481
482
483
485
486
487
488
489
490
492
496
499
500
503
506
507
509
510
511
513
514
515
516
521
522
523
524
527
528
529
531
532
534
535
536
537
538
539
544
545
546
547
548
549
550
552
553
554
556
557
558
559
562
563
564
565
566
567
569
571
572
575
577
578
579
581
583
584
585
586
587
588
589
591
592
594
595
596
597
598
599
600
601
603
604
606
607
611
615
617
618
620
622
625
626
627
628
629
630
632
633
636
638
639
642
643
646
647
649
650
653
654
655
656
657
658
662
667
668
669
670
675
678
679
681
683
684
685
690
691
692
694
695
696
697
698
699
700
703
705
707
708
710
713
714
715
716
717
719
720
722
724
725
726
727
728
729
730
731
732
733
735
736
737
738
739
740
741
742
744
746
749
750
751
752
753
757
758
759
760
761
762
765
768
770
772
774
775
777
778
781
782
783
786
787
788
789
790
792
797
798
801
802
804
806
807
809
810
812
816
817
818
819
821
822
823
824
825
826
827
828
829
831
832
833
834
835
840
842
843
847
849
850
853
854
856
858
859
860
862
863
864
865
866
867
868
869
871
873
874
875
876
877
878
879
880
882
883
885
886
888
891
893
894
896
898
899
902
905
908
911
913
918
921
923
924
925
927
930
931
933
935
936
938
939
941
942
943
945
947
948
949
951
952
953
954
955
956
957
958
959
960
962
963
964
969
971
973
975
977
978
980
981
982
985
986
987
990
992
994
996
998
1000
1001
1002
1003
1006
1007
1008
1009
1010
1012
1013
1014
1016
1018
1019
1020
1025
1026
1030
1032
1033
1035
1038
1041
1042
1043
1044
1046
1047
1048
1050
1051
1053
1055
1056
1059
1061
1062
1063
1066
1070
1071
1072
1073
1076
1077
1078
1079
1083
1085
1086
1087
1088
1089
1090
1091
1092
1093
1094
1095
1096
1098
1101
1105
1106
1107
1108
1110
1112
1113
1115
1116
1118
1122
1123
1124
1125
1127
1128
1129
1131
1132
1133
1136
1137
1139
1141
1142
1145
1146
1147
1148
1149
1150
1151
1152
1154
1156
1158
1159
1160
1161
1163
1164
1167
1169
1173
1174
1175
1177
1178
1183
1184
1185
1190
1191
1192
1193
1195
1197
1198
1199
1205
1206
1207
1209
1210
1213
1214
1217
1218
1220
1223
1228
1229
1231
1233
1234
1235
1237
1240
1241
1244
1245
1246
1249
1250
1251
1253
1254
1256
1257
1258
1260
1262
1263
1264
1267
1268
1271
1272
1274
1277
1278
1279
1281
1283
1284
1285
1286
1287
1288
1289
1290
1291
1294
1295
1296
1297
1301
1304
1305
1306
1307
1310
1315
1316
1321
1322
1326
1327
1328
1329
1330
1332
1334
1335
1336
1338
1340
1341
1342
1343
1344
1346
1347
1348
1349
1351
1354
1356
1358
1359
1360
1361
1362
1363
1365
1366
1367
1369
1370
1371
1373
1376
1377
1378
1380
1381
1383
1385
1387
1388
1390
1391
1392
1393
1394
1396
1400
1401
1402
1404
1405
1408
1411
1412
1415
1418
1419
1420
1422
1425
1427
1428
1431
1434
1435
1436
1437
1440
1442
1445
1446
1447
1449
1451
1453
1454
1455
1457
1459
1460
1463
1464
1465
1468
1470
1471
1472
1474
1476
1481
1482
1484
1485
1486
1487
1488
1489
1491
1494
1495
1496
1497
1499
1500
1504
1505
1506
1509
1511
1512
1513
1519
1521
1523
1524
1525
1532
1535
1538
1540
1541
1542
1545
1546
1547
1549
1550
1552
1553
1555
1558
1559
1560
1563
1565
1566
1570
1573
1574
1576
1577
1582
1583
1586
1587
1588
1589
1591
1593
1594
1596
1597
1598
1601
1603
1604
1605
1606
1608
1609
1610
1611
1613
1616
1618
1619
1624
1625
1630
1631
1632
1636
1639
1640
1642
1643
1645
1646
1647
1648
1649
1650
1652
1653
1654
1658
1659
1660
1661
1662
1664
1665
1666
1667
1669
1670
1671
1674
1675
1676
1677
1679
1681
1682
1683
1685
1691
1692
1693
1694
1696
1697
1701
1702
1704
1709
1712
1713
1714
1716
1721
1722
1723
1724
1725
1726
1727
1728
1729
1733
1734
1735
1737
1738
1739
1743
1744
1745
1747
1748
1750
1754
1755
1756
1759
1760
1761
1763
1765
1767
1770
1773
1774
1775
1777
1780
1782
1783
1786
1787
1789
1790
1792
1793
1794
1795
1797
1799
1800
1801
1802
1804
1805
1806
1809
1810
1813
1814
1815
1816
1817
1818
1819
1820
1821
1822
1824
1826
1827
1828
1829
1831
1832
1833
1834
1835
1836
1838
1839
1840
1842
1843
1844
1847
1848
1849
1854
1855
1857
1858
1864
1868
1869
1873
1874
1876
1878
1879
1880
1881
1882
1884
1885
1887
1888
1890
1891
1892
1894
1895
1896
1897
1898
1903
1905
1906
1908
1911
1912
1913
1914
1917
1922
1923
1925
1926
1927
1929
1931
1935
1937
1939
1940
1941
1942
1944
1945
1946
1947
1951
1952
1953
1956
1958
1960
1961
1962
1963
1964
1966
1967
1968
1970
1972
1973
1974
1976
1981
1982
1983
1984
1985
1986
1990
1991
1993
1996
1997
1998
1999
2001
2002
2003
2004
2007
2008
2009
2011
2012
2013
2014
2016
2020
2022
2023
2025
2026
2027
2028
2030
2031
2032
2033
2036
2037
2038
2039
2040
2042
2043
2045
2046
2047
2048
2049
2050
2054
2055
2057
2059
2062
2064
2065
2070
2071
2072
2073
2074
2075
2076
2079
2080
2081
2082
2083
2085
2086
2089
2092
2094
2095
2096
2098
2100
2101
2102
2106
2107
2109
2110
2111
2114
2118
2119
2120
2121
2122
2124
2125
2126
2133
2136
2138
2139
2140
2142
2144
2145
2148
2150
2151
2152
2153
2156
2157
2160
2161
2162
2164
2165
2166
2167
2168
2169
2170
2171
2173
2175
2177
2178
2179
2182
2184
2186
2187
2192
2197
2198
2199
2200
2201
2203
2208
2209
2212
2213
2215
2217
2218
2219
2221
2222
2223
2224
2227
2230
2231
2232
2233
2235
2237
2239
2241
2242
2245
2247
2248
2249
2250
2252
2253
2255
2257
2258
2259
2260
2261
2264
2265
2267
2269
2270
2275
2278
2280
2282
2283
2284
2285
2286
2289
2290
2291
2292
2294
2295
2298
2299
2301
2302
2303
2304
2305
2306
2310
2312
2313
2314
2315
2317
2319
2320
2321
2322
2324
2325
2328
2329
2332
2335
2336
2337
2338
2339
2342
2344
2347
2348
2349
2351
2353
2354
2356
2357
2360
2362
2363
2364
2365
2366
2367
2368
2369
2370
2371
2374
2376
2377
2378
2379
2382
2387
2388
2389
2395
2397
2399
2403
2410
2411
2412
2413
2416
2417
2418
2419
2422
2424
2425
2426
2427
2430
2432
2433
2434
2435
2440
2442
2443
2444
2445
2447
2449
2450
2451
2452
2455
2456
2458
2460
2462
2463
2464
2465
2467
2470
2471
2472
2474
2477
2479
2481
2482
2483
2485
2486
2487
2489
2491
2494
2496
2497
2500
2501
2505
2506
2508
2509
2510
2512
2513
2514
2515
2516
2518
2520
2521
2522
2527
2528
2529
2530
2532
2534
2535
2536
2537
2538
2539
2540
2541
2545
2548
2549
2551
2552
2554
2555
2557
2558
2559
2561
2562
2563
2566
2568
2569
2570
2571
2572
2574
2575
2578
2582
2583
2584
2585
2586
2587
2589
2590
2592
2593
2594
2595
2596
2598
2601
2606
2607
2609
2610
2611
2612
2615
2616
2617
2618
2619
2620
2621
2622
2623
2624
2626
2628
2629
2632
2634
2636
2639
2640
2641
2642
2643
2648
2649
2650
2652
2653
2655
2657
2658
2659
2661
2662
2663
2666
2667
2668
2669
2670
2671
2672
2673
2677
2679
2680
2681
2682
2683
2684
2686
2687
2689
2691
2694
2695
2696
2697
2698
2699
2700
2702
2703
2704
2705
2707
2708
2709
2711
2712
2715
2716
2717
2718
2719
2720
2722
2723
2725
2726
2727
2728
2731
2734
2735
2736
2738
2739
2741
2742
2745
2746
2749
2750
2751
2753
2754
2755
2756
2757
2758
2760
2761
2762
2763
2765
2766
2768
2771
2772
2774
2776
2777
2779
2785
2786
2787
2788
2789
2790
2792
2793
2794
2795
2802
2803
2804
2806
2808
2810
2811
2812
2815
2816
2817
2818
2820
2821
2822
2823
2824
2825
2828
2834
2835
2839
2843
2848
2850
2852
2853
2854
2858
2859
2860
2861
2863
2864
2865
2866
2869
2870
2871
2872
2873
2874
2875
2877
2878
2879
2880
2883
2885
2886
2888
2889
2893
2894
2896
2898
2902
2903
2905
2907
2910
2912
2915
2916
2917
2918
2919
2921
2922
2923
2924
2925
2926
2927
2928
2931
2933
2934
2936
2938
2939
2940
2941
2942
2943
2944
2946
2947
2951
2953
2954
2956
2957
2958
2959
2960
2961
2962
2963
2964
2966
2967
2969
2970
2971
2972
2973
2975
2976
2977
2978
2983
2984
2986
2989
2991
2992
2993
2996
2997
2998
2999
3002
3003
3005
3006
3007
3008
3009
3010
3013
3015
3018
3020
3021
3024
3025
3027
3028
3029
3030
3032
3036
3037
3038
3040
3041
3043
3044
3045
3046
3047
3050
3051
3052
3053
3054
3056
3057
3058
3059
3061
3062
3063
3064
3069
3070
3071
3073
3075
3077
3078
3080
3081
3082
3083
3087
3088
3089
3092
3093
3094
3095
3098
3099
3101
3102
3104
3106
3107
3109
3110
3111
3117
3118
3119
3122
3123
3125
3129
3131
3134
3139
3140
3141
3142
3143
3147
3150
3153
3154
3155
3159
3160
3162
3164
3165
3166
3168
3169
3170
3171
3172
3173
3174
3176
3177
3178
3187
3188
3189
3190
3191
3193
3195
3196
3197
3199
3201
3203
3205
3206
3207
3208
3209
3210
3211
3213
3215
3216
3218
3219
3220
3221
3222
3223
3225
3230
3231
3234
3237
3238
3242
3243
3245
3246
3248
3250
3252
3253
3254
3255
3256
3258
3259
3261
3262
3265
3266
3267
3269
3270
3272
3274
3276
3277
3278
3280
3283
3285
3290
3291
3292
3293
3294
3295
3296
3297
3300
3301
3303
3305
3306
3307
3308
3309
3310
3311
3312
3313
3317
3319
3324
3325
3328
3331
3332
3333
3334
3338
3340
3342
3343
3344
3345
3347
3348
3349
3350
3351
3352
3354
3355
3356
3357
3359
3360
3362
3364
3365
3366
3368
3369
3370
3371
3373
3375
3380
3382
3383
3386
3387
3389
3392
3393
3394
3395
3396
3399
3400
3401
3405
3406
3408
3409
3411
3412
3413
3414
3415
3416
3419
3420
3424
3425
3426
3427
3429
3430
3431
3432
3434
3436
3439
3440
3442
3443
3444
3446
3449
3451
3452
3454
3457
3460
3461
3463
3467
3468
3472
3474
3475
3476
3478
3483
3485
3489
3490
3491
3492
3493
3494
3495
3496
3498
3500
3501
3502
3504
3505
3506
3507
3508
3509
3510
3511
3512
3513
3514
3515
3516
3517
3521
3524
3525
3528
3529
3531
3533
3534
3537
3538
3540
3541
3542
3546
3547
3548
3550
3551
3552
3553
3554
3558
3561
3564
3570
3572
3575
3577
3578
3579
3581
3583
3585
3586
3587
3588
3589
3590
3591
3592
3598
3603
3604
3605
3606
3607
3608
3612
3613
3615
3618
3619
3620
3624
3625
3626
3631
3632
3633
3634
3635
3636
3638
3640
3642
3645
3649
3651
3652
3653
3654
3655
3657
3658
3660
3662
3665
3668
3669
3670
3672
3673
3674
3675
3676
3677
3678
3679
3681
3683
3684
3685
3688
3689
3691
3693
3694
3695
3696
3697
3698
3701
3702
3704
3706
3708
3709
3710
3711
3713
3720
3722
3728
3729
3730
3731
3732
3733
3734
3735
3736
3737
3738
3739
3743
3746
3747
3748
3750
3752
3754
3755
3756
3757
3761
3762
3763
3769
3770
3771
3772
3775
3777
3778
3781
3782
3784
3787
3788
3789
3790
3793
3796
3799
3800
3801
3802
3804
3805
3806
3807
3808
3810
3812
3815
3819
3820
3822
3823
3824
3827
3828
3829
3832
3838
3839
3840
3842
3843
3848
3850
3852
3854
3855
3856
3857
3858
3860
3861
3862
3863
3865
3867
3869
3870
3871
3873
3874
3876
3877
3879
3880
3881
3882
3883
3888
3891
3895
3897
3898
3899
3901
3903
3904
3907
3909
3910
3911
3915
3918
3921
3922
3923
3925
3926
3927
3929
3931
3932
3933
3934
3937
3942
3944
3945
3947
3950
3953
3954
3955
3956
3957
3959
3962
3963
3964
3965
3967
3970
3971
3972
3973
3975
3977
3979
3980
3981
3982
3983
3984
3985
3986
3987
3988
3989
3990
3992
3994
3995
3997
3999
4002
4003
4005
4007
4008
4009
4010
4011
4012
4013
4014
4016
4017
4018
4019
4020
4021
4022
4025
4026
4027
4028
4029
4030
4031
4033
4036
4037
4038
4039
4041
4045
4047
4049
4050
4051
4055
4057
4058
4059
4060
4061
4063
4064
4066
4067
4068
4070
4071
4072
4073
4076
4077
4088
4089
4091
4092
4093
4094
4095
4099
4102
4103
4105
4106
4107
4108
4110
4111
4112
4113
4114
4115
4116
4117
4119
4120
4121
4122
4123
4125
4126
4129
4131
4133
4134
4135
4138
4139
4140
4141
4142
4144
4146
4147
4148
4149
4150
4154
4155
4156
4157
4158
4160
4161
4162
4163
4167
4168
4170
4171
4172
4174
4175
4178
4179
4180
4183
4184
4185
4186
4187
4188
4190
4191
4192
4194
4196
4199
4200
4201
4202
4203
4204
4206
4208
4212
4214
4216
4217
4219
4221
4222
4223
4224
4225
4227
4229
4230
4231
4232
4236
4237
4239
4241
4245
4248
4249
4254
4255
4256
4258
4260
4261
4262
4264
4265
4266
4267
4268
4271
4273
4274
4275
4276
4277
4281
4283
4284
4286
4287
4288
4289
4290
4292
4295
4296
4299
4300
4301
4303
4306
4309
4312
4313
4314
4316
4317
4318
4320
4322
4323
4324
4326
4327
4329
4330
4331
4332
4336
4338
4340
4341
4343
4344
4345
4346
4347
4348
4349
4350
4352
4353
4354
4355
4357
4359
4361
4362
4363
4365
4366
4368
4369
4370
4373
4374
4375
4377
4378
4379
4381
4382
4385
4387
4388
4389
4390
4391
4392
4393
4398
4399
4401
4402
4403
4406
4407
4411
4412
4413
4415
4418
4419
4421
4422
4423
4425
4426
4427
4428
4429
4431
4432
4434
4436
4439
4441
4445
4446
4449
4451
4452
4454
4455
4457
4458
4459
4461
4465
4468
4470
4471
4474
4475
4479
4480
4481
4482
4483
4484
4487
4488
4489
4490
4491
4492
4495
4497
4499
4502
4503
4505
4506
4507
4508
4509
4510
4511
4512
4513
4515
4516
4517
4521
4522
4524
4528
4529
4531
4532
4534
4535
4536
4538
4543
4544
4545
4546
4547
4548
4549
4550
4551
4552
4553
4554
4556
4558
4561
4562
4565
4568
4569
4571
4574
4575
4576
4577
4578
4579
4580
4582
4584
4585
4586
4587
4588
4589
4590
4592
4594
4595
4598
4601
4602
4605
4606
4608
4609
4610
4611
4612
4613
4614
4615
4616
4617
4618
4619
4621
4622
4624
4625
4628
4629
4630
4632
4638
4639
4641
4642
4644
4645
4646
4647
4648
4652
4653
4654
4656
4659
4660
4661
4662
4663
4664
4666
4667
4668
4674
4676
4677
4678
4680
4681
4683
4685
4688
4691
4692
4696
4698
4700
4701
4702
4703
4705
4707
4708
4709
4711
4712
4713
4714
4718
4720
4721
4722
4724
4726
4727
4729
4731
4732
4733
4734
4735
4737
4739
4741
4743
4744
4745
4746
4748
4749
4750
4751
4752
4754
4756
4757
4760
4762
4767
4768
4769
4770
4771
4773
4775
4776
4777
4778
4781
4783
4784
4785
4786
4787
4790
4791
4792
4794
4795
4796
4798
4800
4801
4802
4803
4806
4810
4813
4814
4817
4821
4824
4826
4827
4830
4836
4837
4838
4840
4841
4843
4845
4846
4847
4848
4850
4851
4852
4853
4855
4856
4857
4858
4862
4863
4865
4869
4870
4872
4874
4876
4881
4883
4885
4886
4888
4890
4891
4893
4894
4896
4898
4900
4902
4905
4906
4907
4909
4910
4911
4912
4913
4914
4916
4919
4921
4922
4924
4925
4926
4927
4929
4930
4931
4932
4933
4934
4935
4936
4938
4940
4942
4944
4945
4948
4949
4951
4952
4953
4954
4955
4957
4959
4960
4961
4964
4966
4969
4970
4973
4974
4980
4981
4982
4984
4985
4987
4988
4989
4993
4998
4999
5000
5001
5002
5003
5004
5005
5007
5008
5009
5012
5015
5017
5018
5020
5024
5028
5029
5030
5032
5034
5035
5036
5039
5040
5042
5043
5045
5046
5048
5049
5051
5052
5054
5055
5056
5057
5060
5061
5064
5068
5072
5076
5080
5081
5082
5083
5084
5085
5086
5087
5088
5090
5093
5094
5095
5096
5098
5099
5101
5102
5103
5105
5107
5108
5109
5110
5111
5112
5113
5116
5117
5120
5121
5122
5124
5126
5127
5128
5129
5131
5134
5135
5136
5141
5142
5144
5145
5150
5151
5152
5155
5158
5159
5161
5164
5166
5167
5168
5169
5170
5171
5174
5175
5178
5180
5185
5186
5189
5190
5192
5195
5196
5198
5200
5202
5203
5205
5206
5208
5209
5210
5212
5217
5220
5221
5222
5224
5226
5227
5230
5231
5232
5234
5235
5236
5237
5238
5240
5241
5242
5243
5246
5248
5252
5253
5254
5255
5256
5257
5258
5259
5260
5261
5263
5264
5266
5267
5268
5269
5270
5273
5276
5281
5285
5286
5287
5289
5291
5292
5293
5295
5296
5298
5299
5300
5302
5303
5304
5306
5307
5309
5313
5314
5317
5318
5319
5320
5321
5323
5324
5326
5327
5328
5329
5331
5332
5335
5336
5337
5338
5339
5343
5344
5345
5347
5348
5349
5351
5356
5359
5361
5362
5363
5364
5365
5369
5370
5372
5374
5376
5377
5378
5379
5380
5381
5382
5383
5384
5385
5387
5388
5390
5391
5392
5393
5397
5399
5400
5401
5402
5403
5404
5405
5407
5408
5410
5416
5420
5423
5424
5425
5427
5428
5429
5430
5432
5434
5438
5439
5442
5443
5445
5446
5447
5448
5449
5450
5451
5452
5453
5454
5455
5459
5461
5462
5463
5464
5465
5468
5469
5470
5471
5472
5474
5476
5480
5481
5482
5484
5485
5486
5487
5488
5490
5492
5493
5494
5495
5496
5498
5501
5502
5505
5506
5507
5508
5509
5510
5511
5512
5513
5514
5516
5519
5522
5523
5526
5529
5530
5531
5533
5534
5536
5537
5538
5539
5541
5543
5546
5547
5548
5549
5551
5552
5555
5556
5557
5560
5561
5562
5564
5565
5566
5567
5568
5569
5571
5573
5574
5578
5583
5584
5585
5586
5589
5595
5596
5597
5599
5600
5603
5604
5607
5608
5610
5611
5612
5613
5614
5615
5616
5617
5620
5624
5626
5627
5629
5631
5632
5634
5635
5636
5639
5640
5641
5643
5646
5647
5649
5650
5651
5652
5654
5655
5656
5657
5659
5660
5661
5663
5664
5667
5670
5671
5672
5673
5676
5678
5679
5680
5683
5688
5689
5691
5693
5694
5695
5699
5701
5702
5704
5705
5711
5712
5714
5718
5719
5720
5722
5723
5725
5726
5727
5729
5731
5733
5734
5735
5737
5738
5740
5741
5742
5745
5746
5747
5755
5757
5759
5760
5761
5762
5763
5764
5765
5766
5768
5769
5770
5772
5775
5776
5777
5778
5779
5780
5782
5783
5784
5785
5786
5788
5790
5791
5792
5794
5797
5798
5799
5802
5805
5807
5809
5814
5818
5820
5821
5822
5823
5826
5828
5829
5830
5832
5834
5835
5841
5842
5843
5845
5846
5848
5853
5856
5857
5858
5861
5862
5863
5867
5870
5873
5874
5875
5877
5880
5887
5890
5891
5892
5893
5894
5897
5900
5901
5902
5903
5906
5907
5908
5909
5911
5912
5914
5916
5918
5919
5922
5928
5931
5932
5933
5937
5939
5941
5944
5945
5946
5948
5949
5950
5953
5955
5956
5958
5959
5960
5961
5962
5963
5964
5965
5966
5968
5969
5972
5975
5977
5978
5979
5981
5982
5984
5986
5987
5988
5990
5991
5992
5993
5995
5996
5997
5999
6000
6001
6002
6003
6005
6006
6007
6008
6009
6010
6011
6013
6018
6022
6023
6024
6027
6028
6029
6031
6037
6038
6039
6040
6042
6043
6046
6047
6048
6050
6054
6056
6058
6059
6062
6063
6064
6065
6071
6072
6073
6075
6076
6080
6081
6082
6083
6084
6085
6087
6088
6090
6092
6093
6094
6095
6096
6097
6099
6107
6108
6109
6112
6114
6115
6116
6118
6120
6121
6122
6123
6124
6126
6127
6128
6129
6130
6131
6132
6133
6134
6135
6136
6137
6138
6139
6140
6141
6142
6143
6144
6145
6147
6148
6151
6152
6156
6157
6158
6159
6160
6161
6162
6163
6165
6166
6167
6168
6169
6170
6171
6172
6173
6174
6175
6176
6177
6178
6179
6180
6182
6183
6184
6185
6187
6188
6189
6190
6191
6193
6195
6196
6197
6198
6199
6202
6203
6205
6206
6207
6209
6210
6211
6212
6213
6214
6215
6217
6218
6220
6221
6222
6223
6224
6225
6226
6227
6228
6229
6230
6231
6232
6233
6234
6235
6236
6238
6239
6240
6241
6243
6244
6245
6247
6248
6249
6250
6251
6252
6253
6256
6257
6258
6259
6261
6262
6263
6264
6266
6267
6268
6269
6270
6271
6272
6273
6274
6275
6276
6278
6279
6280
6281
6282
6283
6284
6286
6287
6289
6290
6291
6292
6293
6294
6295
6296
6297
6298
6299
6300
6301
6302
6303
6304
6305
6306
6307
6308
6309
6310
6311
6312
6313
6314
6315
6316
6317
6318
6319
6320
6321
6322
6323
6325
6327
6328
6329
6330
6331
6332
6334
6335
6337
6338
6339
6340
6341
6342
6343
6345
6347
6348
6350
6352
6353
6354
6356
6357
6358
6359
6360
6361
6362
6363
6364
6365
6366
6367
6368
6369
6370
6371
6372
6375
6376
6378
6379
6380
6381
6382
6383
6384
6385
6386
6387
6388
6389
6390
6391
6392
6393
6394
6395
6396
6397
6398
6399
6400
6401
6403
6404
6406
6407
6408
6410
6411
6412
6413
6414
6415
6417
6418
6419
6420
6421
6422
6423
6424
6425
6426
6427
6428
6429
6430
6431
6432
6433
6434
6435
6436
6437
6438
6439
6440
6442
6443
6445
6446
6447
6448
6449
6451
6452
6454
6455
6456
6458
6459
6460
6461
6462
6464
6465
6467
6468
6469
6470
6471
6472
6474
6475
6477
6479
6480
6481
6482
6483
6484
6485
6486
6488
6490
6491
6492
6493
6494
6497
6498
6499
6500
6501
6502
6503
6506
6508
6509
6510
6511
6512
6513
6514
6515
6516
6517
6518
6519
6521
6522
6523
6525
6526
6529
6532
6533
6534
6535
6536
6537
6538
6539
6540
6541
6542
6543
6544
6545
6546
6547
6549
6550
6551
6552
6553
6554
6555
6557
6558
6559
6560
6561
6562
6563
6564
6565
6568
6569
6570
6571
6572
6574
6576
6577
6578
6580
6581
6582
6584
6585
6586
6587
6588
6589
6591
6592
6594
6595
6596
6597
6601
6603
6604
6605
6606
6607
6609
6610
6611
6612
6613
6614
6615
6616
6618
6619
6620
6622
6623
6624
6625
6630
6631
6632
6633
6634
6635
6636
6637
6638
6639
6642
6643
6644
6645
6646
6647
6648
6650
6651
6652
6653
6654
6655
6657
6658
6661
6665
6666
6668
6670
6671
6672
6675
6676
6677
6678
6679
6680
6683
6684
6685
6686
6687
6688
6689
6690
6691
6692
6693
6694
6695
6696
6697
6698
6699
6701
6702
6703
6704
6705
6708
6709
6711
6712
6714
6717
6718
6719
6721
6722
6723
6724
6727
6728
6730
6731
6732
6733
6734
6735
6736
6738
6739
6740
6741
6742
6743
6744
6745
6746
6747
6748
6749
6750
6751
6754
6755
6756
6758
6759
6760
6761
6765
6766
6767
6769
6770
6771
6772
6773
6774
6775
6776
6777
6778
6779
6780
6781
6783
6784
6786
6787
6788
6789
6790
6791
6792
6793
6794
6795
6796
6797
6798
6799
6800
6801
6802
6805
6806
6807
6808
6809
6810
6811
6812
6813
6815
6816
6817
6819
6820
6821
6822
6823
6824
6826
6827
6828
6829
6830
6832
6833
6836
6838
6839
6840
6841
6842
6843
6844
6846
6847
6848
6849
6850
6851
6852
6854
6855
6856
6857
6859
6861
6862
6863
6864
6866
6867
6868
6870
6872
6873
6874
6875
6876
6877
6878
6880
6881
6882
6884
6885
6886
6889
6890
6891
6893
6894
6895
6897
6899
6900
6901
6902
6903
6904
6905
6906
6908
6909
6911
6912
6914
6915
6916
6917
6918
6919
6921
6922
6923
6924
6925
6926
6928
6929
6930
6931
6932
6933
6934
6935
6936
6937
6938
6940
6941
6945
6946
6947
6948
6949
6951
6952
6953
6954
6955
6956
6957
6958
6960
6961
6962
6963
6965
6967
6968
6969
6973
6974
6975
6976
6977
6979
6980
6981
6982
6984
6985
6986
6989
6990
6991
6992
6993
6994
6996
6997
6998
6999
7000
7001
7002
7004
7005
7006
7007
7008
7009
7010
7011
7012
7013
7014
7015
7016
7018
7020
7021
7022
7024
7026
7027
7028
7029
7031
7032
7033
7034
7035
7036
7037
7038
7039
7040
7041
7043
7045
7046
7049
7050
7051
7052
7054
7055
7058
7059
7060
7062
7063
7064
7066
7067
7069
7072
7073
7075
7078
7079
7080
7082
7084
7085
7086
7087
7088
7089
7090
7092
7093
7094
7095
7096
7097
7098
7099
7100
7101
7103
7104
7105
7106
7107
7108
7110
7112
7115
7116
7118
7119
7120
7124
7125
7126
7130
7131
7132
7133
7135
7136
7137
7138
7139
7140
7141
7142
7143
7145
7146
7147
7151
7152
7153
7155
7157
7158
7159
7161
7162
7164
7165
7166
7167
7168
7171
7172
7174
7176
7177
7178
7179
7180
7181
7182
7183
7184
7186
7187
7188
7190
7191
7192
7193
7195
7196
7197
7199
7200
7201
7202
7203
7204
7205
7206
7208
7209
7210
7211
7212
7215
7216
7219
7220
7221
7222
7223
7224
7225
7226
7227
7228
7230
7231
7233
7235
7236
7237
7238
7239
7240
7241
7242
7243
7244
7246
7247
7248
7249
7250
7251
7252
7253
7256
7257
7258
7260
7261
7262
7263
7264
7265
7266
7270
7271
7272
7275
7276
7277
7278
7279
7280
7281
7282
7283
7286
7288
7290
7291
7292
7293
7295
7297
7298
7299
7300
7301
7303
7304
7306
7307
7308
7309
7310
7311
7312
7313
7314
7315
7316
7317
7318
7319
7321
7323
7324
7325
7326
7327
7328
7329
7330
7331
7332
7335
7336
7338
7339
7340
7341
7342
7344
7345
7347
7348
7349
7350
7352
7353
7354
7355
7356
7357
7359
7360
7361
7362
7363
7364
7365
7366
7367
7368
7369
7370
7372
7373
7374
7375
7376
7377
7378
7379
7380
7381
7382
7383
7384
7385
7386
7388
7389
7390
7391
7392
7393
7396
7397
7399
7401
7402
7403
7404
7405
7406
7407
7408
7409
7410
7411
7413
7414
7415
7417
7418
7419
7420
7421
7422
7424
7425
7426
7428
7430
7431
7432
7433
7434
7436
7439
7440
7441
7442
7443
7444
7446
7447
7448
7449
7450
7451
7453
7454
7455
7457
7458
7459
7460
7461
7462
7463
7464
7465
7466
7467
7468
7471
7473
7475
7476
7477
7478
7479
7480
7481
7484
7485
7486
7487
7488
7489
7490
7491
7492
7493
7494
7495
7496
7499
7500
7501
7502
7503
7504
7506
7508
7509
7511
7512
7513
7514
7515
7516
7517
7518
7519
7520
7521
7522
7523
7524
7525
7526
7527
7528
7531
7533
7534
7535
7536
7537
7538
7539
7540
7543
7544
7545
7546
7547
7551
7552
7554
7555
7556
7557
7558
7559
7560
7561
7562
7563
7564
7565
7566
7568
7569
7573
7574
7575
7576
7577
7578
7579
7584
7585
7587
7588
7589
7590
7593
7594
7595
7596
7597
7598
7599
7601
7602
7603
7604
7605
7606
7607
7608
7609
7610
7611
7614
7615
7616
7617
7618
7621
7622
7623
7624
7625
7626
7627
7628
7629
7630
7631
7634
7635
7637
7638
7639
7640
7641
7642
7644
7646
7647
7648
7649
