0
1
2
4
5
8
10
12
13
14
15
16
18
19
20
23
24
27
28
30
31
32
33
34
35
37
38
39
40
42
49
50
51
52
58
59
60
61
62
63
64
65
66
67
71
72
74
75
76
77
78
79
80
82
83
84
85
86
88
89
90
91
92
93
94
96
97
98
100
102
103
106
107
112
113
114
115
116
117
120
121
125
128
130
131
133
135
136
143
144
145
146
147
148
150
152
153
156
157
159
160
161
165
166
167
169
170
171
172
173
174
175
177
180
181
182
183
184
185
186
190
192
194
195
198
199
201
203
205
208
210
212
214
218
221
222
223
229
231
233
234
235
236
237
239
241
243
244
248
249
251
253
254
255
257
261
262
263
264
265
266
267
268
273
274
276
279
281
283
284
285
286
287
293
295
297
298
302
303
305
306
307
308
309
310
312
314
315
316
317
318
322
324
326
327
328
330
331
333
334
335
336
337
338
340
341
343
344
345
349
351
352
353
355
356
357
358
359
360
363
364
365
366
367
369
372
373
374
375
377
378
379
380
381
384
387
389
391
392
396
398
399
400
403
406
407
409
410
411
413
415
416
420
423
425
427
431
433
435
437
438
439
440
444
445
447
448
449
452
454
456
457
458
461
463
465
466
467
468
469
471
472
473
474
475
479
480
482
485
486
489
490
491
493
494
496
497
498
501
502
504
508
509
510
511
512
513
514
515
516
517
518
520
522
524
526
527
528
529
530
534
537
539
540
541
542
543
544
549
553
555
556
557
559
560
561
562
565
568
569
570
571
573
576
577
578
579
580
581
583
584
585
587
589
592
593
596
597
598
600
604
605
606
607
612
613
615
616
619
620
623
624
625
628
630
631
632
634
639
640
641
642
643
644
645
647
649
651
652
654
655
656
660
661
662
664
667
668
670
671
672
674
676
677
678
679
681
682
683
686
689
690
691
692
693
694
696
697
699
704
705
707
709
711
714
715
716
720
721
722
723
724
727
730
731
732
734
735
736
738
739
741
742
743
744
745
746
747
750
751
752
753
754
756
758
759
762
764
766
768
769
771
773
774
779
780
781
782
783
784
785
788
789
790
791
792
794
795
796
797
799
800
801
803
804
806
807
810
811
812
813
814
815
816
817
818
820
821
824
828
830
831
836
837
839
841
842
845
846
847
848
850
852
857
858
859
860
861
862
863
864
865
866
870
871
872
873
874
875
878
880
881
884
889
891
892
894
895
896
898
900
901
902
904
905
907
908
909
910
911
912
914
915
917
918
919
921
922
924
925
926
927
928
929
930
931
932
934
936
937
938
940
941
943
944
945
946
947
948
949
950
951
952
953
955
956
957
958
959
962
964
965
967
968
969
970
973
977
979
982
984
985
986
987
988
992
996
999
1000
1002
1003
1006
1008
1014
1019
1020
1022
1023
1024
1026
1029
1030
1031
1032
1034
1035
1036
1037
1038
1040
1041
1042
1043
1045
1046
1049
1054
1055
1057
1059
1060
1061
1063
1065
1068
1069
1070
1072
1073
1074
1075
1076
1077
1078
1079
1081
1082
1083
1084
1085
1086
1087
1089
1091
1092
1097
1098
1099
1100
1101
1102
1103
1110
1115
1116
1118
1120
1121
1122
1124
1125
1126
1128
1129
1130
1131
1132
1135
1136
1137
1138
1139
1140
1142
1143
1144
1145
1146
1147
1149
1150
1151
1153
1157
1159
1161
1163
1164
1165
1166
1168
1169
1170
1173
1174
1175
1176
1177
1179
1180
1182
1184
1185
1186
1187
1189
1194
1195
1201
1202
1203
1205
1206
1207
1208
1211
1212
1213
1214
1216
1218
1222
1223
1224
1226
1227
1228
1232
1233
1235
1236
1237
1238
1239
1242
1243
1245
1246
1248
1249
1250
1252
1254
1256
1258
1262
1263
1264
1265
1269
1270
1272
1273
1276
1278
1279
1280
1282
1284
1285
1286
1287
1291
1292
1293
1295
1296
1297
1298
1299
1302
1304
1305
1306
1307
1308
1310
1311
1312
1314
1315
1317
1318
1321
1323
1324
1325
1326
1327
1328
1329
1330
1332
1333
1334
1335
1337
1338
1339
1342
1343
1346
1348
1349
1350
1352
1353
1355
1358
1359
1360
1361
1362
1363
1364
1369
1373
1374
1377
1378
1381
1382
1383
1386
1387
1388
1389
1390
1391
1392
1393
1394
1396
1397
1398
1400
1402
1403
1404
1409
1410
1412
1414
1416
1418
1420
1423
1425
1426
1427
1428
1429
1430
1431
1432
1433
1434
1438
1440
1441
1442
1443
1444
1445
1446
1447
1448
1451
1452
1453
1456
1457
1458
1459
1460
1462
1464
1465
1466
1467
1470
1473
1477
1478
1479
1481
1483
1484
1488
1489
1491
1492
1493
1494
1495
1496
1498
1500
1502
1504
1506
1508
1510
1511
1514
1515
1516
1518
1521
1523
1524
1525
1526
1527
1528
1529
1530
1533
1534
1537
1538
1539
1541
1544
1549
1551
1552
1554
1555
1558
1561
1562
1563
1564
1565
1568
1569
1570
1571
1572
1574
1575
1576
1577
1580
1581
1583
1585
1586
1587
1590
1591
1592
1594
1595
1597
1598
1599
1602
1604
1606
1610
1611
1612
1614
1617
1618
1620
1621
1622
1623
1625
1626
1627
1628
1629
1633
1635
1637
1639
1640
1644
1645
1648
1649
1651
1653
1657
1660
1662
1663
1664
1665
1668
1669
1676
1677
1678
1679
1680
1681
1682
1683
1685
1688
1690
1691
1694
1699
1700
1701
1703
1704
1705
1709
1710
1711
1712
1714
1716
1717
1719
1720
1722
1724
1725
1727
1730
1731
1732
1735
1736
1740
1741
1742
1745
1746
1748
1749
1756
1757
1758
1762
1763
1764
1765
1766
1772
1774
1775
1776
1778
1779
1780
1782
1783
1784
1786
1790
1791
1793
1794
1795
1796
1797
1798
1799
1801
1802
1803
1807
1808
1809
1810
1811
1813
1815
1817
1818
1820
1822
1825
1826
1828
1830
1831
1832
1836
1837
1840
1841
1843
1844
1845
1847
1849
1850
1851
1852
1854
1856
1858
1860
1861
1863
1865
1867
1868
1870
1873
1875
1876
1877
1879
1880
1883
1884
1886
1892
1894
1895
1897
1899
1900
1901
1902
1903
1904
1906
1909
1911
1913
1914
1915
1918
1919
1921
1922
1923
1924
1925
1926
1927
1928
1929
1930
1932
1933
1935
1937
1941
1943
1946
1947
1948
1949
1950
1952
1953
1954
1955
1956
1958
1959
1960
1961
1964
1965
1966
1967
1970
1973
1974
1978
1979
1980
1981
1983
1985
1987
1989
1990
1991
1992
1994
1995
1996
1997
1998
1999
2001
2003
2005
2006
2008
2010
2011
2013
2014
2017
2020
2022
2025
2026
2028
2031
2034
2035
2037
2041
2043
2044
2047
2054
2055
2056
2057
2058
2064
2068
2069
2073
2074
2075
2076
2077
2079
2081
2082
2085
2087
2090
2091
2092
2095
2099
2101
2102
2103
2104
2105
2106
2107
2108
2109
2111
2114
2115
2116
2117
2118
2119
2120
2121
2122
2123
2124
2126
2128
2129
2130
2131
2133
2135
2137
2138
2140
2141
2142
2143
2144
2145
2146
2147
2150
2151
2153
2154
2155
2157
2162
2163
2164
2168
2171
2172
2173
2174
2176
2178
2179
2181
2182
2183
2186
2187
2188
2189
2190
2191
2192
2193
2194
2195
2198
2199
2200
2202
2203
2204
2205
2207
2208
2209
2210
2211
2212
2214
2215
2216
2217
2218
2219
2220
2222
2225
2226
2234
2235
2236
2238
2239
2240
2243
2245
2246
2247
2249
2250
2251
2252
2253
2254
2255
2256
2259
2260
2262
2263
2267
2268
2269
2270
2273
2274
2275
2276
2277
2278
2279
2281
2283
2284
2286
2287
2288
2289
2290
2292
2294
2295
2296
2297
2298
2299
2301
2305
2306
2308
2309
2310
2311
2312
2313
2314
2317
2318
2319
2320
2324
2325
2328
2330
2331
2332
2334
2338
2339
2344
2345
2346
2348
2352
2353
2355
2356
2357
2363
2365
2368
2370
2372
2373
2376
2377
2381
2382
2383
2385
2386
2387
2388
2389
2391
2392
2393
2394
2397
2398
2400
2401
2402
2403
2406
2407
2414
2415
2416
2418
2419
2423
2424
2426
2428
2429
2437
2439
2440
2441
2442
2443
2444
2448
2450
2453
2454
2455
2456
2457
2461
2464
2466
2467
2468
2469
2470
2471
2472
2474
2475
2476
2477
2479
2480
2481
2482
2483
2484
2485
2487
2488
2491
2493
2495
2496
2498
2499
2500
2502
2505
2506
2507
2508
2510
2511
2512
2513
2516
2517
2518
2520
2521
2522
2523
2524
2526
2527
2531
2532
2533
2534
2535
2536
2540
2542
2543
2545
2546
2549
2551
2552
2553
2554
2556
2557
2559
2560
2561
2563
2564
2565
2567
2568
2570
2573
2576
2578
2579
2581
2582
2584
2589
2591
2593
2594
2595
2597
2598
2599
2600
2602
2605
2606
2607
2609
2610
2611
2612
2613
2614
2615
2616
2617
2619
2621
2622
2623
2625
2626
2628
2630
2631
2633
2637
2638
2641
2642
2644
2645
2646
2649
2650
2653
2661
2665
2666
2667
2671
2673
2674
2675
2676
2677
2678
2680
2681
2684
2685
2686
2687
2689
2692
2698
2702
2705
2706
2707
2710
2712
2716
2718
2721
2722
2724
2727
2728
2729
2730
2731
2732
2736
2737
2738
2739
2740
2743
2744
2746
2747
2748
2749
2751
2752
2754
2755
2756
2759
2760
2765
2766
2767
2768
2769
2770
2773
2774
2775
2777
2778
2780
2781
2783
2784
2785
2786
2787
2790
2795
2799
2800
2803
2805
2806
2807
2809
2811
2813
2817
2818
2819
2820
2822
2827
2828
2829
2830
2833
2834
2836
2837
2840
2841
2842
2845
2846
2847
2849
2851
2854
2855
2857
2860
2863
2865
2866
2867
2868
2869
2870
2873
2874
2875
2876
2878
2879
2880
2881
2882
2885
2886
2887
2888
2891
2892
2894
2895
2897
2898
2899
2901
2903
2908
2909
2911
2913
2916
2918
2919
2920
2921
2922
2923
2925
2926
2928
2929
2933
2934
2935
2936
2937
2938
2942
2943
2945
2946
2950
2953
2954
2955
2959
2961
2963
2964
2965
2967
2969
2972
2973
2974
2976
2979
2980
2981
2982
2983
2984
2987
2990
2991
2992
2998
2999
3000
3001
3005
3007
3008
3012
3013
3014
3019
3020
3022
3027
3030
3033
3034
3035
3036
3039
3043
3045
3046
3048
3049
3051
3053
3054
3055
3056
3057
3058
3060
3061
3062
3065
3066
3068
3069
3070
3072
3073
3074
3076
3077
3078
3081
3085
3087
3089
3090
3091
3092
3093
3094
3095
3096
3098
3100
3102
3103
3104
3106
3107
3108
3110
3111
3112
3113
3115
3116
3117
3118
3122
3124
3125
3126
3128
3131
3132
3133
3135
3136
3137
3141
3143
3146
3147
3148
3150
3151
3152
3158
3159
3161
3162
3163
3164
3165
3166
3167
3169
3170
3172
3173
3176
3177
3181
3183
3185
3186
3187
3189
3191
3192
3194
3195
3196
3197
3200
3201
3202
3203
3204
3205
3208
3209
3211
3212
3213
3214
3215
3216
3217
3218
3221
3222
3223
3224
3226
3227
3228
3229
3230
3231
3233
3234
3235
3239
3240
3241
3243
3244
3246
3249
3250
3251
3253
3254
3255
3257
3258
3259
3261
3262
3263
3264
3265
3267
3268
3269
3270
3271
3274
3275
3276
3277
3279
3286
3288
3291
3295
3296
3297
3299
3300
3301
3302
3303
3304
3305
3306
3310
3311
3313
3315
3316
3321
3323
3324
3325
3326
3327
3329
3331
3332
3333
3334
3335
3336
3337
3338
3339
3340
3343
3344
3345
3347
3348
3350
3352
3353
3356
3359
3362
3363
3364
3365
3367
3369
3370
3371
3374
3375
3376
3378
3379
3380
3381
3384
3385
3386
3387
3388
3390
3394
3397
3398
3399
3400
3402
3403
3404
3405
3409
3410
3411
3412
3413
3414
3415
3417
3418
3419
3420
3421
3423
3424
3425
3428
3429
3430
3431
3434
3437
3438
3439
3441
3443
3444
3445
3446
3447
3448
3449
3452
3456
3457
3458
3462
3463
3465
3467
3468
3470
3471
3473
3474
3476
3477
3478
3479
3480
3481
3483
3484
3486
3487
3490
3493
3494
3495
3498
3499
3500
3501
3502
3503
3505
3506
3507
3511
3514
3515
3519
3520
3522
3523
3524
3525
3526
3527
3528
3530
3531
3535
3536
3537
3538
3539
3540
3541
3543
3546
3547
3550
3553
3555
3556
3557
3558
3560
3561
3565
3566
3567
3568
3571
3573
3574
3577
3578
3579
3580
3584
3585
3588
3589
3590
3592
3595
3596
3597
3599
3600
3601
3602
3603
3604
3605
3606
3610
3616
3617
3619
3620
3621
3622
3623
3625
3627
3629
3630
3631
3632
3633
3634
3636
3637
3638
3643
3644
3646
3648
3650
3651
3653
3655
3658
3660
3662
3663
3666
3667
3668
3670
3671
3675
3676
3677
3678
3680
3682
3685
3686
3687
3688
3689
3690
3697
3699
3700
3702
3703
3706
3709
3711
3712
3713
3714
3716
3717
3718
3720
3724
3726
3727
3728
3729
3731
3732
3733
3734
3735
3736
3738
3739
3740
3744
3745
3746
3748
3751
3755
3760
3765
3766
3768
3769
3770
3773
3774
3776
3777
3781
3782
3783
3784
3785
3791
3792
3793
3795
3796
3797
3800
3804
3805
3806
3807
3808
3809
3810
3811
3822
3824
3825
3827
3828
3829
3830
3833
3834
3835
3836
3837
3839
3840
3842
3845
3846
3847
3849
3851
3854
3855
3856
3858
3860
3861
3862
3863
3866
3870
3871
3872
3873
3874
3875
3878
3879
3880
3885
3887
3889
3890
3891
3892
3893
3894
3895
3898
3902
3904
3905
3906
3907
3908
3909
3910
3911
3913
3914
3915
3916
3919
3920
3922
3923
3924
3925
3926
3928
3930
3931
3932
3933
3935
3936
3937
3938
3939
3943
3944
3945
3946
3949
3950
3951
3952
3955
3956
3957
3958
3959
3960
3961
3967
3968
3970
3974
3975
3977
3978
3979
3983
3984
3987
3988
3989
3990
3991
3992
3996
3997
3998
4000
4002
4003
4004
4007
4009
4011
4012
4014
4016
4020
4021
4022
4023
4024
4025
4026
4027
4029
4031
4032
4033
4034
4037
4038
4040
4041
4042
4043
4044
4046
4047
4049
4050
4051
4052
4053
4054
4058
4059
4062
4064
4065
4067
4068
4070
4071
4075
4077
4079
4082
4083
4084
4085
4086
4087
4088
4089
4090
4093
4094
4095
4096
4098
4099
4100
4101
4102
4106
4107
4111
4113
4115
4117
4118
4119
4120
4124
4125
4126
4127
4129
4133
4135
4136
4138
4142
4144
4146
4148
4149
4150
4152
4153
4156
4160
4161
4162
4164
4165
4167
4168
4169
4172
4174
4176
4179
4180
4181
4182
4183
4184
4191
4192
4193
4195
4196
4198
4201
4202
4203
4205
4206
4207
4210
4211
4213
4214
4215
4217
4222
4223
4224
4226
4227
4228
4230
4232
4233
4234
4238
4239
4242
4243
4246
4247
4249
4250
4251
4252
4254
4255
4256
4257
4258
4262
4264
4266
4267
4269
4270
4272
4273
4274
4275
4276
4277
4278
4279
4282
4283
4287
4288
4289
4291
4293
4294
4295
4296
4297
4298
4299
4300
4302
4305
4306
4307
4308
4309
4310
4311
4312
4314
4315
4316
4317
4319
4320
4321
4323
4325
4326
4327
4328
4329
4330
4332
4334
4335
4336
4337
4338
4339
4340
4341
4342
4343
4344
4345
4346
4348
4349
4350
4351
4352
4353
4354
4355
4356
4359
4362
4363
4364
4367
4370
4371
4372
4373
4374
4375
4376
4377
4378
4380
4382
4383
4386
4387
4388
4389
4392
4393
4395
4396
4398
4399
4400
4403
4405
4407
4408
4409
4411
4413
4417
4420
4421
4423
4426
4427
4429
4430
4433
4436
4437
4438
4439
4440
4441
4442
4443
4445
4446
4447
4449
4451
4454
4455
4456
4457
4459
4461
4464
4466
4468
4469
4472
4473
4474
4476
4477
4478
4481
4483
4484
4485
4486
4489
4490
4493
4495
4496
4499
4501
4504
4505
4506
4507
4508
4509
4511
4512
4515
4517
4520
4521
4522
4523
4524
4525
4528
4529
4530
4534
4535
4538
4539
4547
4548
4549
4552
4555
4557
4561
4562
4563
4564
4565
4566
4567
4568
4571
4572
4577
4579
4581
4582
4584
4588
4591
4594
4595
4597
4598
4600
4601
4602
4603
4605
4606
4608
4610
4612
4613
4614
4618
4623
4624
4625
4626
4628
4629
4630
4631
4632
4634
4635
4637
4639
4640
4641
4645
4648
4650
4651
4652
4654
4655
4656
4657
4658
4659
4660
4661
4662
4663
4665
4669
4670
4671
4672
4673
4674
4675
4679
4680
4682
4683
4684
4685
4686
4688
4689
4690
4691
4694
4695
4696
4701
4704
4706
4707
4708
4714
4715
4716
4717
4718
4720
4722
4723
4724
4725
4730
4731
4734
4736
4738
4739
4740
4742
4743
4744
4746
4747
4749
4750
4751
4752
4754
4756
4758
4759
4760
4761
4762
4763
4764
4765
4766
4767
4772
4774
4776
4777
4778
4781
4782
4783
4784
4785
4786
4787
4788
4790
4792
4798
4799
4802
4803
4804
4805
4807
4808
4811
4814
4815
4816
4818
4819
4820
4822
4823
4826
4828
4830
4831
4832
4833
4834
4835
4836
4838
4839
4840
4841
4842
4845
4848
4850
4851
4852
4853
4854
4856
4857
4858
4861
4862
4863
4864
4867
4868
4870
4871
4872
4874
4877
4878
4880
4882
4884
4886
4887
4889
4890
4891
4892
4894
4895
4896
4899
4900
4901
4903
4905
4906
4908
4910
4911
4915
4916
4917
4919
4920
4921
4922
4926
4927
4929
4930
4933
4934
4936
4937
4939
4940
4941
4942
4943
4944
4946
4948
4949
4951
4952
4953
4954
4955
4957
4959
4960
4961
4963
4964
4965
4966
4967
4968
4969
4972
4973
4974
4975
4977
4980
4982
4983
4984
4986
4987
4988
4989
4990
4992
4995
4996
4997
4998
5000
5003
5004
5005
5007
5008
5009
5011
5014
5017
5018
5019
5020
5021
5022
5023
5024
5025
5026
5028
5029
5030
5031
5032
5033
5036
5037
5038
5039
5041
5042
5045
5046
5047
5048
5049
5053
5054
5055
5056
5057
5059
5063
5067
5070
5071
5072
5073
5075
5079
5080
5084
5085
5086
5088
5089
5090
5091
5092
5094
5095
5096
5098
5099
5100
5101
5103
5104
5105
5107
5109
5110
5112
5113
5114
5115
5116
5118
5119
5122
5123
5124
5126
5129
5135
5136
5138
5139
5140
5141
5143
5145
5146
5147
5148
5149
5150
5151
5152
5153
5156
5163
5164
5165
5166
5168
5171
5173
5174
5175
5176
5177
5178
5182
5183
5185
5186
5187
5188
5189
5191
5192
5193
5194
5198
5199
5200
5202
5203
5204
5205
5206
5207
5208
5210
5211
5212
5213
5215
5220
5221
5222
5223
5224
5226
5228
5229
5230
5231
5232
5234
5237
5238
5242
5243
5244
5245
5249
5252
5259
5261
5262
5265
5267
5268
5270
5272
5274
5277
5279
5280
5281
5284
5285
5287
5291
5292
5293
5294
5296
5297
5300
5301
5303
5306
5308
5310
5312
5313
5315
5316
5319
5320
5321
5322
5324
5329
5331
5334
5335
5336
5340
5341
5342
5343
5344
5346
5347
5350
5352
5354
5357
5358
5359
5362
5363
5364
5365
5366
5373
5374
5375
5377
5379
5381
5382
5384
5388
5390
5393
5394
5395
5396
5399
5400
5402
5405
5407
5408
5409
5410
5411
5412
5413
5414
5415
5416
5417
5418
5419
5420
5421
5422
5424
5426
5429
5430
5431
5433
5434
5435
5436
5437
5438
5439
5444
5448
5453
5454
5455
5458
5460
5461
5462
5464
5465
5469
5472
5473
5474
5476
5477
5478
5479
5480
5481
5484
5485
5487
5489
5492
5493
5494
5497
5504
5506
5507
5509
5513
5516
5519
5520
5522
5525
5527
5528
5529
5531
5532
5536
5537
5538
5539
5540
5541
5542
5545
5547
5548
5549
5550
5552
5553
5554
5555
5558
5559
5562
5563
5564
5565
5566
5567
5568
5569
5570
5573
5574
5575
5577
5579
5580
5581
5582
5583
5584
5585
5587
5588
5589
5590
5599
5600
5601
5602
5603
5604
5607
5610
5611
5614
5615
5617
5618
5619
5620
5621
5623
5625
5627
5628
5630
5631
5632
5633
5634
5635
5636
5638
5639
5640
5641
5644
5645
5646
5647
5648
5649
5651
5653
5654
5656
5659
5660
5661
5663
5666
5670
5671
5672
5673
5674
5676
5677
5679
5680
5683
5685
5688
5690
5691
5692
5693
5695
5696
5702
5703
5704
5705
5706
5708
5709
5710
5713
5715
5716
5717
5718
5719
5720
5723
5724
5726
5727
5728
5730
5731
5734
5735
5736
5737
5738
5739
5743
5744
5746
5748
5750
5751
5752
5753
5760
5765
5766
5767
5769
5770
5774
5776
5777
5779
5780
5781
5782
5786
5787
5788
5789
5794
5797
5800
5801
5802
5803
5804
5806
5807
5809
5810
5812
5814
5815
5816
5817
5818
5819
5820
5822
5823
5824
5825
5827
5828
5829
5830
5831
5836
5838
5842
5845
5849
5850
5851
5852
5853
5856
5859
5861
5862
5864
5866
5867
5869
5872
5873
5875
5876
5877
5879
5880
5881
5883
5884
5885
5886
5887
5888
5890
5891
5892
5897
5899
5900
5901
5903
5904
5906
5908
5909
5910
5911
5912
5916
5918
5920
5923
5925
5926
5928
5929
5930
5931
5932
5933
5934
5936
5938
5940
5941
5944
5946
5947
5950
5954
5957
5958
5959
5961
5963
5965
5967
5968
5969
5970
5972
5974
5975
5978
5980
5982
5987
5988
5990
5992
5993
5995
5998
6002
6003
6007
6010
6011
6013
6014
6016
6017
6019
6020
6021
6022
6023
6024
6027
6028
6029
6030
6033
6036
6038
6039
6040
6042
6043
6044
6045
6046
6048
6049
6051
6052
6053
6054
6056
6057
6058
6059
6060
6062
6063
6064
6066
6067
6068
6069
6071
6072
6073
6075
6076
6077
6078
6081
6082
6083
6085
6086
6088
6089
6090
6091
6092
6093
6095
6096
6097
6098
6101
6103
6105
6106
6110
6111
6112
6117
6119
6121
6122
6124
6125
6127
6128
6129
6130
6131
6132
6133
6135
6136
6137
6138
6139
6140
6142
6143
6144
6145
6146
6147
6148
6149
6150
6151
6153
6154
6155
6157
6158
6159
6160
6161
6163
6164
6167
6168
6169
6170
6171
6172
6173
6175
6177
6179
6180
6181
6184
6185
6186
6187
6188
6191
6192
6193
6194
6195
6196
6197
6198
6200
6201
6202
6203
6204
6205
6206
6207
6208
6209
6211
6212
6214
6215
6216
6217
6218
6219
6220
6222
6224
6225
6226
6228
6230
6231
6232
6235
6237
6239
6240
6241
6242
6243
6244
6245
6246
6248
6249
6250
6251
6252
6254
6255
6257
6258
6259
6260
6261
6262
6265
6266
6267
6268
6269
6270
6272
6273
6274
6275
6276
6277
6278
6281
6282
6285
6287
6288
6289
6290
6291
6292
6293
6294
6295
6298
6299
6301
6302
6304
6305
6306
6307
6308
6309
6310
6312
6313
6314
6318
6320
6321
6323
6324
6325
6326
6327
6329
6330
6331
6333
6334
6335
6336
6337
6339
6340
6343
6344
6345
6346
6347
6349
6350
6351
6352
6353
6354
6355
6356
6357
6359
6362
6365
6366
6367
6368
6369
6370
6371
6372
6373
6374
6375
6376
6377
6378
6379
6380
6381
6382
6383
6385
6386
6387
6388
6389
6390
6391
6392
6394
6396
6397
6398
6399
6400
6401
6402
6403
6404
6405
6406
6407
6408
6409
6410
6411
6412
6413
6414
6415
6416
6417
6418
6419
6420
6421
6423
6424
6426
6427
6429
6430
6431
6434
6435
6437
6438
6439
6440
6441
6442
6443
6444
6445
6446
6449
6450
6451
6453
6454
6455
6456
6457
6458
6459
6460
6463
6466
6468
6469
6470
6471
6473
6474
6475
6476
6477
6478
6479
6481
6482
6483
6485
6486
6487
6488
6489
6490
6491
6493
6494
6495
6496
6497
6498
6499
6500
6501
6503
6504
6505
6506
6507
6508
6509
6510
6512
6513
6514
6515
6516
6517
6518
6519
6520
6521
6522
6523
6524
6525
6526
6527
6528
6529
6530
6531
6533
6534
6535
6536
6537
6539
6541
6542
6543
6545
6547
6548
6549
6550
6551
6552
6553
6554
6556
6557
6559
6562
6563
6564
6565
6566
6567
6568
6571
6573
6575
6577
6578
6579
6580
6581
6582
6583
6584
6585
6586
6587
6588
6590
6592
6593
6594
6595
6596
6598
6599
6600
6601
6602
6603
6604
6605
6607
6608
6610
6611
6614
6616
6617
6618
6619
6620
6621
6622
6624
6625
6626
6627
6628
6629
6630
6631
6632
6634
6635
6637
6639
6640
6641
6642
6643
6645
6646
6647
6649
6650
6651
6652
6654
6655
6656
6658
6659
6660
6661
6662
6663
6664
6666
6667
6668
6669
6671
6672
6673
6674
6675
6676
6679
6681
6682
6683
6684
6685
6686
6687
6688
6689
6690
6692
6693
6694
6700
6703
6704
6705
6706
6707
6708
6709
6710
6711
6713
6714
6715
6716
6717
6718
6719
6720
6722
6724
6725
6726
6729
6730
6733
6734
6737
6738
6740
6741
6742
6744
6745
6746
6747
6748
6750
6752
6753
6755
6756
6757
6758
6759
6760
6761
6762
6763
6764
6765
6767
6768
6769
6770
6771
6773
6774
6776
6777
6779
6780
6781
6782
6783
6784
6785
6787
6788
6789
6792
6793
6794
6795
6796
6797
6798
6799
6802
6803
6804
6806
6807
6808
6811
6813
6814
6815
6816
6817
6818
6820
6821
6822
6823
6824
6825
6826
6827
6829
6831
6832
6833
6834
6835
6836
6837
6838
6839
6840
6841
6842
6843
6845
6846
6847
6848
6853
6854
6856
6857
6858
6860
6861
6862
6863
6864
6865
6866
6869
6870
6871
6872
6874
6875
6877
6878
6879
6880
6881
6882
6883
6884
6886
6887
6888
6889
6890
6891
6892
6894
6895
6896
6898
6899
6900
6901
6902
6905
6906
6907
6908
6909
6910
6911
6912
6913
6915
6916
6917
6918
6920
6921
6922
6923
6924
6925
6926
6927
6928
6930
6931
6933
6937
6938
6939
6940
6941
6942
6943
6944
6945
6947
6948
6949
6950
6951
6952
6953
6954
6956
6957
6958
6959
6960
6961
6964
6966
6967
6968
6969
6970
6971
6972
6973
6976
6977
6978
6981
6982
6983
6984
6987
6988
6989
6990
6991
6992
6993
6995
6996
6998
7000
7002
7003
7004
7006
7007
7011
7014
7015
7016
7017
7018
7019
7020
7022
7023
7024
7025
7026
7028
7029
7030
7031
7032
7033
7034
7036
7037
7039
7041
7042
7044
7045
7046
7047
7048
7049
7050
7051
7053
7054
7055
7056
7057
7058
7059
7061
7062
7063
7064
7065
7066
7067
7068
7070
7071
7074
7075
7076
7077
7079
7080
7081
7082
7083
7085
7086
7087
7088
7089
7090
7091
7092
7093
7094
7095
7096
7098
7099
7102
7103
7105
7106
7107
7108
7109
7110
7111
7112
7113
7114
7115
7117
7118
7119
7121
7122
7123
7124
7125
7126
7127
7128
7129
7131
7134
7135
7136
7137
7138
7139
7140
7141
7142
7144
7145
7148
7149
7150
7151
7152
7154
7155
7156
7159
7160
7161
7162
7163
7164
7166
7167
7168
7169
7170
7171
7173
7175
7176
7177
7178
7179
7181
7184
7185
7186
7187
7188
7189
7190
7191
7192
7193
7194
7195
7196
7197
7198
7199
7200
7201
7203
7204
7205
7206
7207
7208
7209
7210
7211
7212
7213
7214
7215
7216
7217
7218
7219
7220
7221
7224
7226
7227
7228
7229
7230
7231
7232
7233
7234
7236
7239
7240
7242
7244
7245
7246
7248
7249
7250
7251
7252
7253
7254
7255
7257
7259
7260
7261
7262
7264
7265
7266
7267
7268
7269
7270
7271
7272
7273
7274
7275
7276
7277
7278
7279
7281
7282
7283
7284
7285
7286
7287
7288
7289
7291
7292
7293
7294
7296
7297
7298
7300
7301
7302
7304
7305
7307
7308
7310
7311
7312
7313
7314
7316
7317
7318
7320
7322
7323
7324
7325
7326
7327
7328
7329
7330
7331
7332
7333
7334
7336
7337
7338
7339
7340
7341
7342
7343
7344
7345
7346
7347
7348
7349
7351
7353
7354
7355
7358
7359
7360
7363
7364
7366
7367
7369
7370
7371
7372
7373
7374
7375
7376
7377
7378
7379
7380
7381
7382
7383
7384
7385
7386
7387
7388
7389
7390
7393
7394
7395
7398
7399
7400
7401
7402
7403
7404
7405
7406
7407
7408
7409
7410
7412
7413
7414
7416
7417
7418
7419
7420
7422
7423
7424
7427
7428
7429
7431
7432
7434
7435
7437
7438
7439
7440
7442
7444
7445
7446
7447
7448
7450
7451
7452
7453
7454
7456
7460
7461
7463
7464
7465
7466
7469
7470
7472
7473
7474
7475
7476
7477
7478
7480
7481
7482
7483
7484
7485
7488
7489
7490
7491
7492
7493
7496
7497
7498
7500
7501
7502
7503
7504
7505
7506
7507
7508
7510
7511
7513
7514
7517
7518
7519
7520
7521
7522
7523
7524
7525
7527
7528
7529
7530
7531
7532
7533
7534
7535
7536
7539
7540
7541
7542
7543
7544
7545
7547
7548
7549
7550
7551
7552
7553
7554
7555
7556
7558
7559
7561
7565
7566
7567
7569
7570
7571
7572
7573
7574
7575
7576
7577
7578
7579
7580
7581
7582
7583
7585
7586
7587
7589
7591
7592
7593
7594
7595
7597
7598
7600
7601
7602
7603
7604
7605
7606
7609
7612
7613
7614
7615
7616
7617
7619
7620
7621
7622
7623
7626
7627
7628
7629
7632
7633
7636
7637
7639
7640
7642
7643
7644
7645
7646
7648
7649
