0
1
2
4
5
7
8
10
11
13
14
19
21
22
26
27
28
29
30
33
36
38
40
41
42
43
44
45
46
49
51
54
55
59
60
61
62
63
64
66
67
68
69
72
74
77
78
80
83
84
86
87
89
91
92
94
96
97
98
99
102
103
106
108
111
114
116
117
118
119
120
121
122
123
125
126
127
128
131
134
135
136
137
139
141
142
146
151
154
156
158
159
162
163
164
166
167
168
169
170
173
177
178
181
182
183
184
185
186
187
188
189
191
195
196
202
204
205
206
207
208
209
212
213
214
215
216
217
219
220
221
222
223
226
227
228
231
232
235
236
237
238
239
240
241
244
245
246
247
250
251
252
253
256
257
259
260
265
268
269
270
272
274
275
278
279
280
281
282
283
287
288
289
290
291
292
297
298
299
300
301
302
304
305
306
307
309
311
313
315
316
317
319
320
321
322
326
327
328
331
335
336
338
341
342
343
345
347
348
349
352
354
355
358
359
360
361
362
363
364
365
366
367
368
369
370
371
372
373
378
379
382
383
384
385
386
388
389
390
391
393
394
398
399
401
403
404
405
406
411
412
416
417
420
421
422
423
424
425
430
432
433
435
436
439
441
444
446
451
452
456
457
458
459
461
464
465
466
467
469
472
473
476
477
483
484
486
488
491
493
495
498
500
501
502
503
504
506
509
511
513
514
516
518
519
520
521
523
524
525
526
530
531
534
536
541
542
546
547
550
552
554
556
557
558
559
561
562
563
566
568
570
571
575
579
580
581
582
583
584
587
588
590
591
592
594
597
601
602
605
606
607
608
609
611
612
613
614
615
617
618
619
620
621
622
624
625
626
628
629
631
632
633
634
636
638
640
641
643
644
645
646
648
649
650
655
656
658
659
660
661
664
665
666
668
669
670
672
673
676
677
678
679
681
682
683
684
685
688
689
690
691
692
693
700
702
703
704
706
707
708
711
712
713
714
717
718
719
721
722
723
724
725
727
730
732
734
736
739
740
744
748
755
757
759
760
761
763
765
766
767
768
769
772
773
774
776
777
780
781
783
784
786
787
789
790
791
793
794
795
796
799
800
801
802
803
804
805
807
809
815
819
820
821
823
824
825
827
828
829
830
832
835
837
838
840
841
842
843
844
846
847
849
851
852
853
854
855
856
858
859
861
863
865
866
868
877
878
879
882
883
884
885
889
890
892
893
895
897
898
899
900
902
905
906
907
908
913
915
917
922
923
927
929
932
933
935
937
941
943
944
947
948
949
950
951
954
955
957
958
960
961
962
963
968
969
970
971
974
975
976
978
979
980
981
983
984
985
986
987
988
990
993
995
997
999
1002
1004
1005
1007
1008
1010
1011
1013
1014
1016
1019
1021
1022
1023
1024
1025
1027
1028
1029
1031
1032
1033
1034
1036
1037
1038
1039
1040
1041
1042
1044
1045
1046
1047
1048
1049
1050
1051
1052
1053
1055
1058
1059
1061
1062
1064
1068
1069
1070
1072
1073
1074
1075
1077
1078
1079
1080
1081
1083
1092
1094
1096
1098
1099
1100
1102
1103
1104
1105
1106
1109
1110
1113
1114
1116
1118
1122
1123
1124
1126
1127
1129
1132
1133
1134
1135
1136
1137
1138
1139
1140
1141
1144
1145
1147
1148
1149
1152
1154
1155
1156
1157
1158
1161
1163
1164
1165
1167
1173
1177
1178
1180
1181
1182
1184
1185
1187
1191
1193
1195
1196
1197
1200
1201
1203
1204
1205
1206
1207
1208
1209
1210
1211
1212
1214
1215
1216
1217
1219
1221
1222
1223
1224
1225
1226
1227
1229
1230
1231
1232
1233
1234
1237
1238
1239
1241
1242
1243
1245
1247
1248
1250
1252
1253
1254
1255
1257
1258
1259
1260
1261
1265
1266
1267
1268
1269
1271
1273
1274
1276
1277
1278
1279
1280
1283
1284
1287
1290
1291
1293
1298
1299
1300
1301
1303
1304
1305
1306
1307
1308
1309
1310
1311
1315
1316
1318
1320
1322
1323
1326
1328
1330
1331
1332
1336
1337
1338
1340
1341
1342
1346
1347
1348
1349
1351
1353
1354
1358
1359
1360
1361
1362
1364
1365
1367
1370
1371
1373
1374
1376
1377
1379
1380
1385
1387
1388
1389
1390
1391
1395
1397
1398
1399
1403
1404
1405
1406
1407
1408
1413
1414
1415
1417
1418
1420
1422
1424
1427
1429
1432
1433
1434
1435
1436
1438
1439
1440
1441
1442
1444
1448
1450
1451
1452
1453
1454
1455
1458
1460
1461
1462
1463
1464
1465
1466
1469
1470
1473
1476
1477
1479
1481
1483
1485
1486
1487
1489
1490
1492
1493
1494
1497
1498
1499
1500
1501
1502
1504
1505
1506
1509
1510
1512
1513
1514
1515
1516
1517
1518
1519
1520
1523
1526
1527
1530
1532
1533
1537
1539
1541
1543
1544
1545
1546
1547
1548
1549
1550
1551
1553
1554
1557
1558
1559
1565
1567
1570
1572
1573
1578
1579
1580
1581
1582
1584
1586
1587
1588
1591
1592
1593
1596
1599
1600
1601
1604
1605
1607
1609
1610
1611
1612
1614
1616
1617
1618
1619
1620
1621
1622
1624
1625
1626
1627
1630
1631
1632
1633
1635
1636
1637
1638
1639
1640
1643
1644
1647
1649
1651
1654
1655
1658
1660
1664
1665
1666
1667
1668
1669
1670
1672
1673
1676
1677
1678
1680
1681
1684
1687
1688
1691
1693
1695
1696
1697
1698
1700
1701
1704
1705
1706
1708
1710
1711
1713
1715
1716
1717
1718
1721
1722
1724
1726
1728
1732
1733
1734
1735
1736
1737
1738
1739
1743
1744
1746
1747
1749
1750
1752
1754
1755
1756
1759
1760
1761
1762
1768
1769
1771
1773
1774
1776
1778
1780
1781
1783
1785
1786
1787
1788
1789
1790
1794
1796
1797
1798
1799
1803
1804
1805
1807
1808
1810
1815
1816
1818
1819
1820
1821
1822
1824
1826
1827
1828
1833
1834
1835
1837
1839
1840
1841
1842
1844
1846
1847
1849
1852
1853
1854
1855
1856
1857
1858
1859
1860
1861
1862
1863
1866
1867
1868
1869
1871
1872
1873
1874
1875
1876
1879
1881
1886
1887
1888
1890
1891
1892
1894
1895
1896
1899
1901
1903
1904
1907
1908
1909
1910
1915
1920
1921
1922
1924
1926
1927
1928
1930
1932
1934
1938
1942
1943
1944
1948
1950
1952
1953
1954
1955
1956
1959
1961
1962
1967
1970
1971
1973
1974
1975
1978
1979
1980
1983
1984
1990
1991
1993
2000
2003
2005
2006
2007
2016
2020
2021
2022
2023
2024
2025
2027
2028
2031
2033
2034
2035
2036
2037
2039
2040
2041
2042
2043
2048
2050
2052
2053
2056
2059
2060
2061
2063
2064
2065
2067
2068
2070
2071
2072
2073
2074
2076
2077
2080
2082
2083
2085
2086
2087
2088
2089
2093
2094
2095
2096
2097
2099
2101
2102
2103
2104
2105
2108
2110
2111
2112
2114
2115
2116
2117
2119
2121
2123
2126
2127
2128
2129
2130
2131
2132
2134
2135
2137
2139
2140
2143
2144
2145
2146
2147
2148
2151
2154
2155
2156
2158
2160
2162
2165
2166
2167
2169
2171
2175
2177
2178
2179
2180
2181
2182
2183
2184
2185
2188
2190
2191
2192
2194
2198
2201
2204
2205
2206
2208
2209
2211
2212
2219
2222
2226
2230
2231
2234
2236
2237
2238
2239
2241
2242
2243
2245
2246
2247
2248
2252
2254
2255
2256
2257
2258
2261
2262
2263
2264
2265
2266
2268
2271
2272
2275
2277
2279
2280
2284
2288
2290
2292
2295
2296
2298
2299
2302
2303
2304
2305
2308
2309
2311
2316
2317
2318
2319
2321
2322
2323
2324
2325
2329
2330
2331
2334
2335
2336
2337
2338
2339
2340
2342
2343
2344
2345
2346
2348
2350
2352
2353
2354
2356
2357
2361
2362
2364
2366
2367
2369
2371
2372
2373
2375
2376
2377
2379
2380
2383
2384
2385
2386
2387
2389
2390
2391
2396
2398
2399
2402
2405
2407
2408
2412
2413
2415
2417
2418
2419
2420
2423
2424
2425
2426
2427
2428
2429
2431
2433
2435
2436
2438
2439
2440
2441
2442
2443
2445
2446
2447
2450
2452
2454
2455
2457
2458
2460
2461
2463
2465
2469
2470
2471
2472
2473
2475
2477
2479
2480
2481
2484
2486
2489
2490
2491
2492
2494
2496
2497
2498
2501
2502
2504
2506
2508
2509
2510
2514
2515
2516
2517
2519
2520
2522
2523
2524
2525
2534
2535
2537
2541
2542
2543
2544
2545
2548
2549
2550
2552
2555
2556
2557
2558
2559
2561
2562
2563
2564
2565
2566
2567
2569
2571
2572
2574
2575
2576
2577
2579
2580
2584
2585
2586
2588
2589
2590
2592
2598
2599
2600
2601
2602
2603
2609
2611
2612
2614
2617
2618
2624
2627
2631
2633
2636
2637
2638
2640
2642
2643
2646
2647
2650
2651
2652
2653
2654
2655
2656
2657
2659
2660
2662
2663
2664
2666
2667
2670
2673
2678
2679
2680
2682
2684
2685
2688
2689
2692
2693
2695
2696
2697
2698
2699
2701
2702
2704
2706
2708
2709
2710
2711
2716
2717
2719
2720
2722
2723
2724
2725
2730
2732
2733
2734
2737
2738
2739
2740
2741
2742
2743
2744
2746
2747
2750
2752
2753
2754
2755
2757
2758
2759
2761
2762
2763
2764
2765
2766
2767
2768
2771
2773
2774
2776
2777
2778
2779
2781
2783
2784
2785
2786
2787
2788
2789
2793
2794
2798
2799
2801
2803
2804
2805
2808
2809
2811
2812
2813
2814
2815
2816
2817
2819
2821
2822
2824
2826
2829
2830
2831
2832
2833
2834
2835
2836
2839
2840
2841
2842
2843
2844
2846
2847
2849
2850
2851
2852
2853
2855
2856
2857
2858
2859
2860
2861
2862
2863
2864
2865
2870
2871
2872
2873
2874
2875
2876
2880
2881
2883
2884
2886
2888
2889
2890
2891
2892
2894
2897
2898
2900
2901
2904
2905
2906
2907
2908
2911
2912
2914
2915
2918
2922
2924
2925
2927
2929
2931
2932
2933
2935
2936
2937
2938
2939
2940
2941
2942
2944
2946
2947
2948
2951
2952
2953
2955
2956
2957
2958
2959
2962
2964
2965
2967
2968
2971
2972
2975
2976
2977
2978
2979
2980
2984
2987
2990
2993
2994
2995
2997
2998
3001
3005
3010
3011
3012
3014
3016
3017
3018
3019
3020
3022
3023
3024
3025
3028
3029
3030
3031
3032
3034
3035
3036
3039
3040
3041
3043
3044
3049
3050
3052
3056
3057
3061
3062
3065
3067
3068
3070
3071
3072
3073
3074
3075
3076
3077
3081
3082
3083
3084
3085
3086
3087
3089
3090
3092
3093
3094
3095
3096
3097
3099
3101
3102
3104
3105
3106
3107
3108
3109
3110
3112
3113
3114
3117
3119
3120
3121
3122
3127
3132
3133
3136
3137
3138
3139
3140
3143
3146
3147
3149
3151
3152
3153
3156
3157
3158
3159
3160
3161
3163
3165
3170
3172
3173
3174
3175
3178
3179
3180
3181
3184
3185
3187
3188
3189
3190
3191
3192
3194
3196
3197
3198
3199
3200
3202
3203
3205
3207
3208
3210
3219
3220
3221
3223
3224
3226
3227
3229
3231
3232
3233
3234
3235
3237
3239
3240
3241
3243
3244
3245
3246
3247
3248
3249
3252
3256
3257
3258
3260
3261
3262
3263
3264
3265
3266
3269
3273
3275
3278
3279
3281
3282
3283
3284
3285
3286
3287
3288
3289
3292
3293
3294
3299
3300
3301
3302
3303
3304
3308
3309
3310
3311
3314
3315
3316
3317
3318
3320
3321
3322
3324
3325
3326
3329
3330
3332
3334
3335
3337
3340
3341
3342
3343
3345
3346
3347
3349
3350
3351
3353
3354
3357
3359
3360
3361
3362
3364
3366
3368
3372
3374
3375
3377
3378
3379
3381
3382
3385
3386
3387
3389
3390
3392
3393
3395
3399
3400
3401
3402
3403
3404
3405
3407
3408
3409
3410
3412
3415
3416
3417
3418
3419
3420
3422
3423
3425
3426
3427
3428
3430
3432
3434
3435
3436
3437
3438
3439
3441
3442
3443
3445
3446
3450
3453
3455
3456
3458
3460
3462
3464
3465
3466
3469
3471
3472
3475
3476
3477
3482
3483
3484
3485
3487
3493
3497
3503
3504
3505
3508
3509
3510
3511
3513
3514
3515
3518
3519
3520
3522
3524
3525
3526
3530
3531
3532
3533
3535
3537
3538
3539
3541
3543
3545
3546
3548
3549
3551
3552
3555
3556
3559
3560
3561
3562
3563
3564
3565
3566
3567
3570
3571
3572
3573
3575
3576
3577
3579
3580
3582
3584
3588
3590
3593
3594
3595
3596
3597
3600
3601
3602
3603
3604
3605
3606
3607
3608
3609
3610
3614
3615
3616
3617
3618
3619
3620
3622
3624
3625
3626
3627
3631
3632
3634
3635
3637
3638
3640
3641
3642
3643
3644
3645
3646
3647
3648
3649
3650
3652
3653
3654
3657
3659
3660
3662
3663
3665
3666
3668
3670
3672
3673
3674
3677
3678
3681
3687
3689
3690
3691
3694
3695
3696
3698
3702
3704
3708
3709
3711
3712
3714
3716
3717
3720
3721
3722
3723
3724
3726
3727
3729
3730
3732
3733
3736
3737
3738
3739
3740
3741
3742
3743
3744
3745
3749
3750
3752
3753
3756
3757
3759
3760
3761
3764
3765
3766
3767
3768
3769
3770
3771
3774
3775
3777
3778
3779
3780
3782
3783
3785
3786
3787
3788
3790
3791
3792
3793
3794
3795
3797
3799
3801
3806
3809
3811
3812
3815
3816
3817
3818
3819
3823
3825
3826
3827
3828
3830
3832
3833
3834
3836
3838
3839
3841
3843
3844
3845
3846
3847
3848
3850
3851
3852
3854
3858
3861
3862
3863
3864
3865
3871
3873
3876
3878
3880
3881
3883
3884
3885
3886
3887
3890
3891
3892
3893
3895
3896
3901
3902
3903
3904
3906
3909
3911
3912
3916
3917
3919
3920
3921
3923
3924
3925
3926
3927
3928
3929
3930
3936
3937
3938
3939
3941
3942
3945
3946
3948
3950
3952
3953
3954
3958
3959
3961
3962
3963
3965
3968
3969
3972
3973
3976
3980
3983
3984
3985
3986
3987
3991
3992
3996
3997
3998
3999
4000
4001
4004
4005
4007
4008
4011
4012
4013
4015
4016
4017
4019
4020
4022
4023
4025
4027
4028
4030
4034
4035
4036
4038
4039
4040
4042
4043
4044
4047
4050
4053
4055
4058
4060
4061
4063
4065
4066
4070
4072
4073
4074
4076
4077
4078
4080
4082
4083
4084
4086
4087
4090
4092
4093
4094
4095
4096
4097
4100
4101
4102
4103
4106
4107
4110
4113
4114
4115
4116
4118
4121
4124
4125
4126
4130
4131
4134
4136
4138
4141
4142
4143
4150
4151
4152
4153
4154
4156
4157
4158
4159
4167
4169
4170
4171
4173
4176
4180
4181
4182
4185
4187
4189
4190
4191
4192
4193
4194
4195
4196
4197
4198
4201
4203
4204
4205
4206
4207
4208
4212
4216
4218
4220
4221
4222
4224
4225
4226
4227
4228
4229
4231
4236
4239
4240
4241
4242
4243
4244
4245
4247
4248
4250
4251
4252
4253
4254
4256
4257
4260
4261
4264
4265
4266
4269
4270
4271
4272
4274
4275
4276
4277
4278
4280
4282
4283
4284
4285
4286
4287
4289
4290
4292
4293
4294
4298
4300
4303
4305
4307
4309
4310
4312
4314
4316
4317
4321
4322
4326
4327
4328
4329
4331
4332
4333
4334
4335
4336
4337
4338
4339
4340
4342
4343
4344
4346
4347
4354
4355
4358
4359
4360
4361
4363
4365
4368
4369
4371
4372
4375
4376
4377
4378
4379
4380
4382
4383
4384
4386
4388
4390
4393
4394
4396
4400
4401
4402
4404
4405
4406
4407
4409
4411
4412
4414
4419
4420
4422
4424
4425
4426
4427
4428
4429
4430
4432
4434
4435
4436
4437
4439
4440
4443
4444
4446
4448
4449
4450
4451
4452
4453
4454
4456
4458
4459
4460
4462
4463
4464
4466
4467
4469
4471
4472
4473
4474
4475
4476
4477
4478
4479
4480
4481
4483
4484
4485
4487
4488
4489
4491
4492
4494
4498
4499
4501
4503
4504
4507
4508
4509
4510
4513
4514
4515
4519
4522
4523
4525
4526
4527
4530
4531
4533
4534
4535
4536
4537
4538
4541
4543
4544
4546
4547
4548
4550
4551
4553
4555
4557
4558
4559
4560
4561
4563
4564
4565
4568
4569
4570
4571
4572
4574
4575
4578
4579
4580
4581
4582
4583
4586
4588
4589
4590
4592
4593
4594
4595
4597
4598
4599
4601
4602
4603
4605
4607
4608
4609
4613
4614
4615
4617
4618
4620
4621
4625
4626
4629
4630
4631
4633
4635
4636
4637
4638
4639
4640
4643
4645
4648
4649
4652
4653
4655
4657
4660
4661
4663
4664
4667
4668
4670
4671
4673
4674
4675
4676
4677
4679
4681
4682
4683
4687
4689
4693
4694
4696
4697
4698
4699
4700
4703
4706
4708
4709
4710
4712
4713
4714
4718
4719
4720
4721
4723
4725
4726
4727
4729
4730
4733
4735
4736
4737
4739
4741
4742
4743
4744
4745
4747
4749
4750
4751
4752
4754
4755
4757
4758
4759
4760
4761
4763
4764
4766
4767
4770
4772
4773
4774
4780
4784
4785
4786
4787
4789
4791
4792
4795
4796
4797
4799
4800
4802
4803
4804
4805
4810
4811
4812
4813
4814
4815
4816
4817
4818
4819
4820
4821
4822
4824
4826
4827
4828
4831
4832
4833
4834
4836
4837
4839
4840
4841
4844
4845
4846
4848
4851
4853
4854
4855
4857
4859
4861
4862
4863
4865
4866
4871
4874
4875
4876
4878
4879
4880
4882
4883
4884
4885
4887
4888
4891
4893
4895
4896
4897
4898
4899
4901
4902
4904
4906
4908
4912
4914
4917
4918
4919
4920
4923
4926
4928
4931
4933
4935
4936
4937
4938
4940
4944
4945
4949
4950
4952
4953
4957
4958
4959
4960
4961
4963
4964
4966
4967
4969
4970
4971
4972
4973
4975
4979
4983
4985
4986
4988
4989
4992
4993
4994
4996
4997
4999
5005
5007
5008
5010
5011
5012
5013
5015
5016
5018
5020
5021
5024
5025
5026
5029
5031
5033
5035
5036
5037
5039
5040
5041
5043
5045
5046
5047
5048
5049
5050
5051
5052
5053
5056
5058
5059
5063
5064
5067
5069
5070
5071
5080
5082
5083
5085
5086
5087
5089
5090
5091
5098
5099
5100
5101
5104
5105
5106
5107
5112
5113
5114
5115
5118
5120
5121
5128
5129
5130
5131
5133
5134
5135
5136
5140
5142
5145
5146
5147
5149
5150
5151
5152
5153
5156
5157
5158
5159
5160
5161
5162
5165
5169
5173
5174
5176
5179
5182
5185
5190
5193
5194
5195
5196
5197
5199
5200
5201
5206
5207
5208
5210
5211
5214
5215
5216
5219
5220
5223
5227
5228
5229
5232
5237
5239
5241
5242
5243
5244
5245
5247
5250
5251
5253
5256
5257
5258
5260
5262
5266
5270
5271
5272
5273
5274
5275
5276
5277
5279
5280
5283
5286
5287
5288
5289
5291
5292
5294
5295
5296
5297
5299
5301
5302
5303
5304
5305
5306
5307
5308
5310
5311
5312
5313
5314
5316
5317
5322
5323
5325
5327
5328
5330
5332
5333
5334
5335
5338
5339
5340
5341
5343
5345
5346
5349
5351
5352
5353
5354
5358
5360
5361
5363
5364
5365
5367
5368
5369
5370
5371
5373
5375
5377
5378
5379
5381
5383
5385
5386
5389
5391
5392
5394
5395
5396
5398
5400
5403
5405
5410
5411
5412
5413
5414
5419
5420
5422
5423
5425
5426
5428
5429
5432
5435
5437
5438
5440
5441
5442
5443
5445
5446
5447
5449
5450
5452
5453
5454
5456
5457
5461
5462
5463
5465
5468
5469
5470
5471
5473
5474
5475
5476
5477
5479
5482
5483
5486
5487
5488
5489
5490
5491
5492
5494
5495
5496
5499
5501
5502
5507
5508
5511
5512
5514
5516
5518
5519
5520
5521
5522
5524
5525
5526
5527
5528
5529
5530
5532
5533
5534
5535
5536
5538
5540
5543
5544
5545
5546
5549
5550
5552
5554
5556
5557
5558
5560
5561
5562
5563
5565
5566
5568
5569
5570
5571
5573
5574
5575
5577
5578
5579
5580
5582
5586
5590
5591
5594
5595
5596
5597
5598
5600
5602
5605
5607
5608
5609
5612
5613
5614
5616
5618
5619
5620
5622
5624
5625
5626
5630
5632
5634
5635
5637
5638
5639
5640
5643
5644
5645
5648
5652
5653
5655
5656
5658
5660
5662
5664
5665
5666
5667
5668
5669
5671
5674
5675
5677
5678
5681
5682
5683
5684
5686
5687
5689
5690
5692
5696
5698
5701
5702
5703
5706
5708
5709
5710
5713
5715
5716
5717
5718
5721
5722
5723
5724
5725
5728
5729
5730
5732
5733
5735
5736
5738
5742
5744
5745
5748
5749
5750
5752
5755
5756
5758
5760
5761
5762
5764
5765
5767
5768
5769
5770
5771
5772
5773
5774
5778
5779
5780
5781
5786
5787
5788
5789
5790
5794
5795
5797
5799
5800
5801
5802
5807
5808
5809
5812
5814
5815
5816
5817
5818
5819
5820
5822
5824
5826
5828
5829
5830
5831
5832
5833
5835
5836
5840
5841
5842
5843
5844
5845
5846
5847
5848
5851
5854
5855
5856
5857
5859
5860
5861
5863
5864
5866
5868
5869
5870
5871
5873
5874
5875
5876
5877
5878
5879
5880
5881
5884
5887
5888
5890
5893
5894
5896
5898
5899
5900
5901
5902
5903
5904
5907
5910
5912
5913
5914
5916
5918
5919
5922
5924
5925
5926
5929
5933
5934
5936
5937
5939
5940
5941
5943
5945
5948
5949
5950
5951
5952
5953
5956
5960
5961
5962
5963
5964
5969
5972
5973
5974
5977
5978
5980
5981
5983
5985
5988
5989
5991
5994
5997
5998
6000
6001
6005
6007
6009
6010
6012
6015
6017
6020
6021
6023
6024
6025
6026
6029
6032
6033
6034
6035
6039
6040
6041
6044
6046
6047
6050
6051
6052
6054
6055
6057
6059
6061
6064
6066
6067
6068
6069
6070
6071
6072
6074
6076
6078
6079
6080
6081
6082
6084
6087
6092
6093
6094
6095
6097
6102
6103
6104
6107
6111
6112
6114
6116
6117
6118
6119
6120
6121
6122
6123
6125
6126
6128
6129
6134
6138
6139
6140
6141
6142
6143
6144
6145
6146
6148
6149
6150
6151
6152
6153
6154
6155
6156
6157
6158
6159
6160
6162
6163
6164
6165
6166
6167
6168
6169
6170
6171
6174
6175
6176
6178
6180
6181
6182
6183
6184
6185
6186
6187
6188
6189
6190
6191
6192
6193
6194
6195
6196
6197
6198
6199
6200
6201
6202
6204
6205
6206
6208
6209
6210
6211
6212
6213
6215
6216
6217
6218
6219
6220
6221
6222
6223
6224
6225
6226
6227
6229
6230
6232
6233
6234
6236
6237
6238
6240
6241
6242
6243
6244
6246
6247
6248
6249
6250
6252
6253
6254
6255
6256
6257
6260
6261
6262
6263
6264
6265
6266
6267
6271
6272
6274
6275
6277
6278
6279
6280
6281
6282
6283
6284
6285
6286
6287
6288
6290
6292
6294
6295
6296
6297
6298
6300
6301
6303
6304
6306
6307
6308
6309
6310
6311
6315
6316
6317
6319
6320
6321
6322
6323
6324
6325
6326
6327
6328
6329
6330
6332
6333
6334
6335
6336
6337
6338
6341
6342
6343
6344
6345
6346
6347
6348
6349
6350
6351
6352
6353
6355
6358
6359
6360
6361
6362
6363
6364
6366
6367
6370
6373
6374
6377
6378
6381
6382
6384
6385
6386
6387
6389
6390
6391
6392
6393
6394
6395
6396
6397
6402
6403
6405
6409
6410
6413
6414
6415
6416
6417
6418
6420
6421
6422
6423
6425
6426
6427
6428
6430
6431
6432
6433
6436
6437
6438
6440
6441
6442
6444
6445
6446
6447
6448
6449
6450
6451
6452
6453
6454
6457
6458
6459
6460
6461
6462
6463
6464
6465
6466
6467
6469
6470
6471
6472
6473
6474
6475
6476
6478
6479
6480
6482
6483
6484
6485
6486
6487
6488
6489
6490
6491
6492
6493
6495
6496
6499
6500
6501
6502
6503
6504
6505
6507
6508
6511
6513
6514
6515
6518
6519
6520
6521
6522
6523
6524
6525
6526
6527
6528
6529
6530
6531
6532
6533
6535
6536
6538
6539
6540
6541
6543
6544
6545
6546
6547
6548
6549
6551
6553
6554
6555
6556
6558
6559
6560
6561
6562
6563
6564
6565
6566
6567
6569
6570
6571
6572
6573
6574
6575
6576
6577
6579
6580
6582
6583
6585
6586
6589
6590
6591
6592
6593
6594
6596
6597
6598
6599
6600
6601
6602
6606
6607
6608
6609
6610
6612
6613
6614
6615
6616
6617
6618
6619
6620
6621
6623
6624
6626
6627
6628
6629
6630
6631
6632
6633
6634
6636
6637
6638
6639
6640
6641
6643
6644
6645
6646
6647
6648
6649
6651
6653
6654
6655
6656
6657
6658
6659
6660
6661
6662
6663
6664
6665
6667
6669
6670
6671
6672
6673
6674
6676
6677
6678
6680
6681
6682
6683
6684
6685
6689
6690
6691
6692
6693
6695
6696
6697
6698
6699
6700
6701
6702
6703
6704
6705
6706
6707
6708
6709
6710
6711
6712
6713
6715
6716
6717
6718
6720
6721
6722
6723
6725
6726
6727
6728
6729
6731
6732
6733
6734
6735
6736
6737
6738
6739
6740
6741
6743
6744
6745
6747
6748
6749
6750
6751
6752
6753
6754
6755
6756
6757
6758
6760
6762
6763
6764
6765
6766
6767
6768
6769
6770
6772
6773
6775
6776
6778
6780
6781
6782
6784
6785
6786
6787
6788
6790
6791
6792
6794
6795
6796
6798
6799
6800
6801
6803
6804
6805
6807
6809
6810
6812
6813
6814
6815
6816
6817
6818
6819
6820
6821
6824
6825
6826
6827
6828
6830
6831
6832
6834
6835
6837
6838
6839
6840
6842
6843
6844
6845
6849
6850
6851
6852
6853
6854
6855
6858
6859
6860
6864
6865
6866
6867
6868
6869
6870
6871
6873
6875
6876
6877
6878
6879
6880
6881
6882
6883
6885
6886
6887
6888
6889
6890
6891
6892
6893
6895
6896
6897
6898
6899
6900
6901
6902
6903
6904
6905
6907
6908
6910
6912
6913
6914
6915
6916
6917
6918
6919
6920
6922
6923
6924
6925
6927
6928
6929
6930
6932
6933
6934
6935
6936
6937
6939
6942
6943
6944
6945
6946
6947
6949
6950
6951
6953
6954
6955
6959
6961
6962
6963
6964
6965
6966
6967
6968
6969
6970
6971
6972
6973
6974
6975
6976
6977
6978
6979
6980
6981
6982
6983
6984
6985
6986
6987
6988
6989
6990
6991
6992
6993
6994
6995
6996
6997
6998
6999
7000
7001
7002
7003
7004
7005
7007
7008
7009
7010
7011
7012
7013
7014
7015
7016
7017
7019
7020
7021
7022
7023
7024
7025
7027
7028
7030
7033
7034
7035
7037
7038
7040
7041
7042
7043
7044
7047
7048
7049
7050
7051
7052
7053
7054
7055
7056
7057
7060
7061
7062
7063
7065
7066
7068
7069
7070
7071
7072
7073
7074
7075
7076
7077
7078
7079
7081
7083
7084
7085
7086
7087
7088
7089
7091
7093
7094
7096
7097
7098
7099
7100
7101
7102
7103
7104
7105
7106
7107
7108
7109
7111
7112
7113
7114
7115
7116
7117
7118
7119
7120
7121
7122
7123
7125
7126
7127
7128
7129
7130
7132
7133
7134
7135
7136
7137
7139
7140
7142
7143
7144
7145
7146
7147
7148
7149
7150
7151
7152
7153
7154
7156
7157
7158
7159
7160
7162
7163
7164
7165
7166
7168
7169
7170
7171
7172
7173
7174
7175
7176
7177
7180
7182
7183
7185
7186
7187
7189
7190
7192
7193
7194
7196
7198
7199
7200
7201
7202
7203
7206
7207
7208
7209
7210
7211
7212
7213
7214
7215
7217
7218
7221
7222
7223
7224
7225
7226
7227
7229
7231
7232
7233
7234
7235
7236
7237
7238
7241
7242
7243
7245
7246
7247
7248
7249
7250
7251
7252
7253
7254
7255
7256
7257
7258
7259
7260
7261
7263
7264
7265
7266
7267
7268
7269
7270
7271
7272
7273
7274
7275
7277
7279
7280
7281
7283
7284
7285
7286
7287
7288
7289
7290
7294
7295
7296
7297
7299
7301
7302
7303
7304
7305
7306
7307
7308
7309
7312
7314
7315
7316
7319
7320
7321
7322
7323
7326
7327
7328
7330
7331
7333
7334
7335
7336
7337
7338
7340
7341
7342
7343
7344
7345
7346
7347
7349
7350
7351
7352
7356
7357
7358
7360
7361
7362
7363
7364
7365
7368
7369
7370
7371
7372
7375
7376
7377
7379
7380
7382
7383
7384
7385
7386
7387
7388
7391
7392
7394
7395
7396
7397
7398
7399
7400
7402
7403
7404
7405
7408
7409
7410
7411
7412
7413
7415
7416
7418
7420
7421
7423
7424
7425
7426
7427
7428
7429
7430
7431
7433
7435
7436
7437
7438
7439
7440
7441
7443
7444
7445
7447
7448
7449
7451
7452
7454
7455
7456
7457
7458
7459
7462
7463
7465
7466
7467
7468
7469
7470
7471
7472
7473
7474
7475
7476
7477
7478
7479
7480
7481
7482
7483
7484
7485
7486
7487
7488
7489
7490
7491
7492
7494
7495
7496
7497
7498
7499
7500
7501
7503
7505
7506
7507
7508
7509
7510
7512
7513
7514
7515
7516
7517
7520
7524
7525
7526
7529
7530
7531
7532
7534
7537
7538
7539
7540
7541
7542
7543
7544
7546
7547
7548
7549
7550
7551
7552
7553
7555
7557
7558
7559
7560
7561
7562
7563
7564
7566
7567
7568
7569
7570
7571
7572
7573
7574
7575
7576
7577
7579
7580
7581
7582
7583
7584
7585
7586
7588
7589
7590
7591
7592
7595
7596
7598
7599
7600
7602
7604
7606
7607
7608
7610
7611
7612
7613
7614
7615
7616
7617
7618
7619
7620
7621
7623
7624
7625
7627
7628
7629
7630
7631
7632
7633
7634
7635
7636
7637
7638
7639
7641
7642
7643
7645
7646
7647
7648
7649
