1
7
8
9
13
16
17
22
23
24
25
26
27
28
29
30
31
32
33
35
38
40
41
42
44
45
46
47
48
52
53
54
55
56
58
59
60
61
63
65
66
67
69
71
73
74
75
76
81
82
83
84
85
90
91
92
93
98
102
103
105
110
111
113
119
122
125
126
130
132
133
134
139
140
141
145
146
147
148
149
150
151
152
153
154
158
159
160
161
162
163
164
165
167
170
171
172
174
175
177
178
180
182
184
185
186
188
191
193
194
195
198
201
202
205
206
207
209
210
211
212
214
215
216
219
220
221
222
225
226
228
229
230
231
235
236
237
238
240
242
245
246
247
248
249
250
252
253
255
257
258
259
260
262
264
267
269
271
273
274
275
277
278
279
280
285
287
288
289
292
293
294
296
298
299
300
301
302
303
310
311
312
314
315
318
319
321
322
323
325
328
329
330
334
336
337
338
341
342
343
344
346
347
348
349
350
351
353
357
359
361
362
363
366
369
370
372
374
376
378
380
383
385
389
390
393
396
398
401
402
404
406
410
411
412
413
414
415
416
417
418
422
423
424
425
426
427
428
429
430
432
433
434
435
437
438
440
442
443
445
446
447
450
451
452
453
455
456
459
460
462
463
465
468
469
471
473
474
475
476
477
478
479
482
487
488
489
490
492
493
494
495
496
498
499
501
506
507
508
512
513
514
517
519
520
522
524
528
529
531
532
533
534
535
542
543
545
546
547
549
556
558
560
562
563
564
565
568
572
573
574
576
578
580
582
585
586
587
588
589
590
593
594
596
604
605
608
609
610
611
613
615
616
617
620
621
623
624
626
627
629
635
637
638
640
641
642
643
645
646
647
648
649
650
651
654
655
657
658
659
660
661
662
663
665
666
669
670
671
672
673
674
675
678
680
690
693
696
697
698
701
702
703
704
705
706
708
709
712
713
715
718
719
720
721
725
726
728
729
730
731
733
737
741
742
743
744
745
746
747
752
753
754
755
756
757
758
760
761
762
764
769
771
775
776
777
778
784
786
791
792
795
797
798
799
800
805
806
808
809
810
814
816
817
818
819
825
826
827
829
830
831
832
833
840
841
845
846
848
849
850
851
853
855
857
859
860
861
862
864
866
869
872
875
876
880
882
885
886
887
889
891
892
893
895
896
897
901
903
904
905
907
908
909
910
911
912
917
918
920
921
922
923
924
926
928
929
930
931
932
933
934
939
940
943
944
948
952
954
955
959
963
964
965
966
967
969
970
971
972
976
978
980
982
983
984
986
992
993
994
995
998
999
1000
1003
1005
1007
1008
1011
1012
1014
1017
1020
1021
1024
1025
1026
1028
1029
1031
1035
1037
1038
1039
1043
1045
1046
1050
1051
1053
1054
1056
1057
1058
1059
1060
1063
1065
1066
1067
1070
1071
1074
1075
1077
1079
1080
1081
1083
1087
1088
1089
1090
1093
1094
1095
1096
1097
1099
1100
1101
1102
1103
1105
1106
1107
1109
1111
1112
1115
1120
1121
1125
1126
1127
1128
1129
1132
1134
1135
1138
1139
1140
1142
1143
1146
1147
1148
1149
1150
1152
1156
1160
1162
1164
1166
1167
1168
1171
1172
1173
1175
1176
1178
1179
1183
1184
1185
1188
1189
1190
1191
1193
1194
1196
1197
1199
1200
1204
1205
1206
1207
1208
1210
1212
1214
1216
1219
1220
1221
1222
1224
1225
1226
1227
1228
1230
1231
1232
1236
1238
1240
1241
1242
1243
1244
1245
1246
1247
1248
1249
1251
1253
1254
1255
1256
1257
1259
1260
1261
1263
1264
1265
1266
1267
1268
1270
1271
1272
1273
1274
1276
1277
1279
1280
1281
1284
1285
1288
1289
1290
1292
1295
1296
1297
1298
1301
1302
1303
1304
1306
1308
1309
1310
1311
1312
1313
1315
1317
1318
1319
1321
1323
1326
1328
1329
1331
1333
1334
1335
1336
1339
1340
1341
1343
1345
1347
1351
1355
1356
1357
1358
1364
1366
1367
1368
1369
1371
1372
1374
1375
1376
1377
1378
1379
1380
1381
1382
1383
1384
1385
1387
1390
1392
1393
1394
1395
1396
1398
1399
1402
1405
1408
1410
1414
1415
1417
1418
1419
1420
1421
1422
1423
1424
1425
1426
1427
1428
1430
1431
1432
1433
1434
1437
1438
1443
1444
1445
1449
1454
1456
1457
1458
1463
1464
1466
1467
1468
1469
1472
1474
1477
1478
1480
1481
1482
1483
1485
1486
1487
1489
1490
1493
1494
1495
1496
1497
1498
1501
1504
1506
1507
1509
1510
1511
1515
1517
1520
1521
1524
1525
1528
1529
1530
1532
1533
1535
1537
1538
1541
1543
1545
1546
1547
1548
1551
1552
1553
1555
1556
1558
1561
1562
1568
1569
1570
1571
1572
1574
1576
1577
1578
1579
1581
1584
1585
1587
1590
1591
1592
1593
1595
1597
1599
1600
1602
1605
1606
1608
1613
1614
1615
1616
1619
1622
1623
1624
1625
1627
1628
1629
1631
1632
1634
1635
1636
1637
1641
1642
1644
1645
1654
1655
1656
1659
1661
1662
1663
1666
1667
1668
1671
1673
1675
1678
1679
1680
1682
1683
1685
1686
1687
1689
1690
1691
1693
1694
1697
1698
1699
1703
1705
1706
1707
1708
1710
1715
1719
1720
1724
1726
1727
1730
1731
1735
1736
1738
1739
1740
1741
1742
1743
1744
1745
1746
1747
1748
1750
1751
1752
1754
1755
1756
1757
1758
1760
1761
1764
1765
1766
1767
1769
1770
1771
1773
1775
1776
1777
1778
1779
1780
1781
1782
1783
1784
1785
1787
1788
1789
1790
1791
1795
1801
1802
1804
1805
1806
1809
1810
1811
1812
1813
1814
1818
1822
1825
1826
1830
1831
1832
1834
1835
1836
1837
1838
1839
1840
1841
1843
1844
1847
1849
1850
1852
1853
1855
1856
1859
1860
1861
1862
1863
1864
1865
1866
1867
1869
1872
1876
1877
1878
1880
1882
1885
1886
1887
1889
1890
1891
1893
1894
1895
1896
1898
1899
1900
1901
1902
1904
1905
1906
1907
1909
1914
1915
1916
1917
1920
1921
1923
1925
1927
1929
1930
1931
1932
1933
1935
1937
1938
1940
1941
1942
1943
1944
1945
1946
1947
1948
1949
1950
1951
1954
1955
1957
1958
1961
1964
1965
1966
1968
1969
1971
1972
1973
1974
1975
1976
1978
1980
1985
1986
1989
1991
1993
1994
1998
1999
2001
2002
2004
2007
2009
2010
2014
2016
2017
2018
2019
2020
2021
2024
2026
2027
2031
2032
2033
2034
2036
2038
2039
2040
2041
2042
2043
2044
2045
2047
2048
2049
2051
2056
2057
2058
2059
2060
2062
2063
2066
2067
2068
2069
2070
2072
2074
2077
2078
2081
2083
2084
2085
2087
2089
2091
2092
2093
2094
2095
2097
2098
2099
2100
2101
2102
2103
2104
2105
2107
2108
2109
2112
2115
2116
2118
2119
2121
2127
2128
2130
2131
2133
2134
2135
2136
2138
2139
2141
2142
2148
2149
2150
2153
2154
2155
2156
2158
2159
2160
2161
2162
2163
2164
2166
2167
2168
2169
2172
2173
2175
2176
2178
2181
2183
2186
2187
2188
2195
2196
2199
2200
2201
2202
2203
2204
2206
2207
2208
2209
2210
2212
2213
2214
2215
2218
2219
2220
2221
2222
2223
2224
2225
2226
2228
2229
2231
2232
2235
2236
2243
2244
2246
2248
2249
2250
2251
2254
2255
2256
2257
2259
2261
2264
2267
2268
2269
2271
2272
2273
2274
2276
2278
2280
2281
2282
2283
2284
2286
2287
2288
2291
2294
2295
2297
2300
2301
2302
2303
2304
2306
2308
2309
2311
2312
2313
2315
2321
2322
2326
2327
2328
2329
2330
2331
2332
2333
2334
2336
2340
2341
2342
2345
2346
2347
2351
2352
2354
2355
2359
2360
2364
2365
2367
2368
2371
2373
2374
2375
2377
2378
2379
2380
2385
2388
2390
2391
2392
2393
2394
2395
2397
2400
2401
2402
2403
2404
2405
2408
2409
2410
2411
2413
2414
2415
2422
2423
2425
2426
2429
2430
2431
2432
2433
2435
2436
2437
2438
2439
2441
2444
2445
2446
2447
2448
2449
2453
2454
2456
2457
2458
2460
2461
2463
2464
2465
2466
2467
2469
2470
2471
2473
2474
2475
2476
2480
2482
2483
2485
2489
2492
2497
2501
2503
2505
2509
2511
2513
2514
2515
2516
2517
2518
2519
2521
2524
2528
2529
2530
2531
2532
2536
2538
2540
2542
2544
2545
2548
2550
2551
2553
2554
2557
2558
2560
2561
2563
2564
2568
2571
2572
2574
2576
2577
2578
2581
2583
2585
2586
2587
2588
2590
2594
2595
2596
2598
2600
2601
2606
2607
2608
2613
2614
2615
2616
2619
2620
2621
2622
2624
2625
2626
2627
2628
2629
2630
2631
2632
2634
2639
2640
2641
2643
2644
2645
2647
2648
2650
2652
2653
2654
2655
2656
2657
2658
2659
2660
2662
2664
2666
2668
2669
2674
2675
2676
2679
2681
2683
2684
2685
2690
2692
2693
2694
2695
2696
2697
2699
2700
2701
2705
2707
2708
2709
2710
2711
2713
2715
2717
2720
2721
2722
2723
2726
2728
2731
2732
2733
2735
2736
2737
2739
2740
2741
2743
2745
2747
2753
2755
2757
2760
2761
2763
2764
2768
2769
2770
2771
2772
2773
2775
2777
2778
2779
2780
2781
2782
2783
2784
2785
2787
2788
2790
2791
2792
2795
2796
2798
2800
2801
2806
2807
2808
2809
2813
2814
2815
2816
2818
2819
2822
2823
2824
2825
2826
2827
2828
2829
2831
2833
2834
2836
2839
2841
2842
2843
2845
2846
2847
2848
2849
2850
2852
2854
2856
2857
2858
2860
2862
2865
2866
2867
2868
2874
2876
2879
2880
2882
2885
2886
2889
2890
2891
2892
2893
2894
2895
2897
2899
2900
2902
2905
2906
2907
2908
2910
2911
2912
2914
2915
2917
2919
2920
2921
2922
2923
2924
2927
2929
2930
2931
2932
2934
2936
2937
2939
2940
2941
2943
2944
2945
2946
2951
2952
2953
2954
2955
2957
2958
2960
2962
2963
2966
2967
2968
2970
2971
2973
2974
2976
2978
2979
2980
2983
2984
2985
2986
2988
2989
2991
2992
2993
2994
2996
2997
2999
3000
3001
3002
3003
3004
3005
3006
3007
3008
3009
3010
3011
3012
3014
3015
3017
3018
3021
3022
3026
3027
3029
3030
3031
3032
3033
3034
3036
3037
3038
3041
3042
3043
3045
3046
3047
3048
3051
3052
3054
3055
3059
3060
3063
3064
3065
3066
3067
3068
3069
3071
3072
3074
3078
3079
3080
3081
3082
3084
3086
3087
3088
3090
3092
3097
3098
3099
3100
3102
3103
3104
3107
3109
3112
3113
3114
3119
3121
3124
3125
3126
3128
3129
3130
3131
3132
3134
3136
3137
3138
3139
3140
3141
3142
3143
3144
3145
3146
3147
3148
3150
3151
3152
3153
3155
3156
3158
3161
3163
3164
3166
3168
3170
3173
3174
3177
3179
3180
3181
3182
3186
3187
3189
3190
3193
3195
3196
3198
3199
3200
3203
3206
3208
3211
3212
3213
3214
3215
3218
3219
3220
3222
3223
3225
3226
3227
3228
3229
3232
3235
3236
3239
3241
3243
3244
3245
3246
3247
3249
3252
3254
3257
3259
3260
3261
3264
3265
3266
3268
3270
3272
3273
3274
3275
3276
3279
3280
3281
3283
3284
3285
3286
3293
3296
3297
3298
3299
3301
3303
3307
3308
3309
3312
3314
3316
3317
3319
3320
3321
3322
3323
3324
3326
3330
3331
3333
3335
3336
3338
3340
3342
3344
3345
3346
3347
3349
3350
3351
3352
3353
3354
3359
3361
3362
3363
3364
3366
3367
3369
3371
3372
3373
3376
3377
3379
3380
3381
3382
3384
3385
3386
3389
3390
3392
3394
3395
3397
3398
3399
3400
3402
3403
3404
3405
3406
3409
3411
3416
3418
3420
3422
3424
3427
3428
3431
3432
3435
3439
3440
3445
3446
3447
3448
3450
3451
3452
3454
3457
3459
3460
3461
3462
3463
3464
3465
3466
3467
3469
3470
3472
3474
3475
3478
3479
3481
3482
3484
3486
3488
3489
3493
3494
3497
3499
3500
3501
3504
3505
3507
3512
3514
3516
3517
3518
3520
3521
3523
3525
3526
3529
3530
3532
3534
3535
3536
3537
3540
3541
3545
3547
3549
3550
3554
3555
3556
3558
3560
3561
3564
3565
3566
3567
3570
3572
3573
3574
3575
3576
3578
3581
3582
3583
3585
3587
3588
3589
3591
3592
3593
3594
3597
3598
3599
3602
3605
3607
3609
3611
3612
3614
3616
3617
3619
3620
3621
3623
3624
3627
3629
3634
3636
3637
3640
3641
3642
3644
3645
3646
3647
3649
3653
3654
3655
3656
3657
3658
3659
3661
3664
3669
3672
3673
3674
3675
3678
3679
3683
3685
3687
3690
3691
3692
3693
3694
3697
3698
3699
3700
3703
3704
3705
3708
3709
3710
3711
3713
3714
3715
3717
3719
3723
3724
3725
3727
3731
3736
3737
3740
3743
3744
3748
3752
3753
3754
3755
3756
3757
3759
3761
3762
3764
3767
3768
3769
3771
3772
3773
3774
3775
3776
3778
3781
3783
3784
3786
3789
3790
3791
3792
3794
3795
3796
3797
3799
3800
3801
3802
3803
3804
3805
3806
3808
3811
3813
3814
3816
3817
3822
3826
3827
3829
3831
3832
3834
3837
3838
3840
3841
3842
3843
3844
3845
3846
3849
3850
3851
3852
3853
3855
3856
3857
3859
3860
3861
3863
3864
3865
3866
3872
3875
3878
3879
3881
3883
3884
3887
3889
3890
3892
3893
3896
3897
3899
3900
3901
3902
3903
3905
3907
3908
3909
3910
3911
3912
3913
3914
3915
3916
3918
3919
3920
3921
3922
3923
3924
3926
3927
3928
3929
3933
3936
3938
3939
3940
3945
3947
3948
3950
3952
3953
3954
3955
3957
3958
3960
3962
3963
3965
3967
3969
3971
3972
3973
3977
3978
3979
3982
3985
3986
3987
3988
3989
3990
3991
3993
3996
3997
3998
4000
4001
4003
4004
4005
4007
4008
4010
4012
4015
4016
4017
4021
4023
4024
4025
4026
4027
4028
4035
4036
4040
4041
4042
4045
4046
4049
4051
4054
4055
4056
4057
4058
4059
4061
4062
4063
4064
4065
4066
4067
4069
4070
4071
4072
4074
4075
4076
4078
4081
4088
4089
4091
4092
4093
4096
4098
4100
4103
4108
4110
4112
4113
4114
4115
4116
4117
4120
4122
4123
4124
4129
4130
4131
4133
4135
4137
4138
4139
4140
4141
4143
4144
4146
4147
4148
4152
4153
4154
4155
4157
4158
4159
4160
4161
4162
4164
4165
4169
4171
4174
4175
4177
4178
4180
4182
4185
4186
4188
4189
4191
4193
4197
4198
4201
4202
4206
4208
4209
4210
4211
4212
4213
4214
4215
4216
4217
4218
4219
4220
4221
4225
4229
4230
4231
4234
4235
4236
4237
4238
4241
4243
4244
4245
4249
4252
4254
4257
4259
4261
4262
4263
4264
4265
4266
4267
4268
4269
4270
4271
4272
4273
4275
4277
4278
4279
4280
4285
4286
4287
4289
4290
4292
4293
4294
4295
4296
4297
4298
4300
4301
4302
4303
4305
4306
4308
4310
4312
4313
4314
4319
4320
4321
4322
4323
4324
4325
4327
4328
4331
4332
4335
4337
4338
4339
4341
4342
4345
4347
4349
4350
4351
4352
4353
4356
4360
4361
4362
4365
4369
4371
4373
4376
4377
4378
4380
4381
4382
4383
4386
4387
4389
4390
4391
4392
4393
4394
4395
4396
4397
4398
4401
4402
4405
4406
4408
4409
4410
4413
4416
4418
4420
4422
4425
4427
4428
4431
4432
4436
4439
4440
4443
4444
4445
4446
4447
4449
4450
4453
4458
4460
4461
4462
4463
4464
4465
4466
4467
4468
4471
4472
4473
4475
4477
4479
4482
4483
4485
4486
4487
4488
4489
4490
4492
4493
4495
4496
4498
4500
4501
4502
4503
4505
4506
4508
4512
4513
4514
4516
4517
4518
4519
4520
4523
4524
4526
4527
4528
4529
4531
4532
4533
4534
4536
4537
4540
4541
4543
4544
4545
4546
4548
4549
4550
4552
4556
4557
4558
4559
4562
4564
4566
4567
4569
4570
4572
4573
4574
4575
4576
4579
4580
4583
4584
4585
4586
4587
4588
4590
4592
4596
4597
4599
4600
4603
4604
4605
4606
4610
4611
4613
4614
4615
4617
4620
4624
4626
4627
4630
4631
4632
4633
4634
4635
4637
4641
4642
4643
4644
4646
4647
4649
4650
4653
4654
4655
4656
4658
4659
4660
4661
4662
4663
4665
4666
4667
4668
4669
4671
4672
4674
4678
4679
4680
4681
4682
4683
4684
4685
4687
4689
4692
4693
4694
4696
4700
4701
4706
4707
4709
4710
4712
4715
4717
4718
4721
4725
4726
4727
4728
4729
4730
4731
4732
4734
4735
4738
4740
4741
4743
4751
4753
4756
4758
4761
4762
4763
4766
4767
4768
4769
4770
4771
4775
4776
4777
4778
4779
4780
4781
4782
4783
4785
4789
4790
4793
4794
4795
4796
4798
4799
4801
4802
4804
4805
4806
4808
4809
4810
4811
4812
4813
4815
4816
4817
4819
4820
4822
4823
4824
4825
4827
4828
4832
4833
4835
4839
4840
4841
4842
4843
4846
4850
4852
4860
4861
4862
4863
4864
4865
4866
4867
4868
4869
4870
4873
4879
4880
4881
4883
4884
4889
4893
4894
4897
4900
4904
4905
4906
4907
4908
4909
4910
4911
4915
4916
4918
4921
4924
4925
4927
4928
4930
4931
4932
4935
4938
4941
4942
4943
4945
4946
4947
4948
4950
4953
4954
4955
4956
4957
4958
4960
4961
4963
4965
4968
4969
4971
4972
4974
4975
4977
4980
4981
4982
4983
4984
4985
4989
4990
4991
4994
4997
4999
5000
5002
5003
5004
5006
5009
5013
5014
5015
5016
5018
5019
5022
5024
5027
5028
5029
5030
5032
5033
5034
5037
5038
5039
5042
5047
5048
5050
5051
5053
5055
5057
5058
5059
5061
5062
5063
5064
5065
5066
5068
5069
5071
5076
5077
5078
5080
5082
5083
5084
5085
5086
5087
5088
5089
5090
5091
5097
5099
5100
5103
5104
5105
5108
5110
5117
5119
5120
5123
5124
5125
5126
5127
5128
5131
5132
5133
5139
5140
5143
5144
5146
5147
5148
5149
5154
5157
5158
5159
5160
5162
5163
5164
5166
5167
5168
5169
5170
5171
5172
5173
5175
5177
5178
5180
5181
5183
5184
5186
5187
5189
5192
5197
5201
5203
5204
5206
5208
5210
5211
5213
5215
5217
5218
5219
5221
5224
5225
5226
5228
5230
5231
5232
5233
5235
5236
5238
5239
5240
5243
5244
5245
5246
5247
5248
5251
5252
5254
5255
5256
5257
5258
5259
5260
5261
5262
5263
5264
5265
5266
5267
5268
5269
5272
5274
5275
5276
5277
5279
5283
5284
5285
5288
5289
5296
5299
5300
5302
5307
5308
5309
5310
5312
5313
5314
5315
5316
5318
5319
5320
5321
5322
5323
5325
5326
5327
5328
5329
5330
5331
5332
5333
5336
5338
5339
5341
5342
5344
5347
5348
5350
5351
5353
5355
5356
5358
5359
5361
5362
5367
5368
5370
5372
5373
5374
5376
5377
5378
5380
5384
5385
5386
5389
5390
5391
5397
5400
5403
5408
5409
5410
5412
5414
5415
5416
5419
5422
5426
5430
5431
5435
5437
5439
5440
5441
5444
5445
5446
5447
5449
5452
5453
5456
5457
5459
5461
5462
5464
5467
5468
5470
5472
5473
5475
5477
5478
5479
5482
5484
5485
5487
5489
5492
5493
5495
5496
5497
5498
5499
5500
5503
5505
5509
5511
5512
5513
5515
5516
5518
5519
5520
5521
5522
5523
5524
5525
5527
5528
5529
5530
5533
5534
5535
5536
5537
5538
5541
5542
5543
5544
5545
5546
5548
5550
5553
5554
5555
5557
5558
5559
5560
5561
5564
5566
5570
5572
5573
5574
5575
5576
5577
5578
5581
5582
5585
5586
5587
5588
5589
5590
5593
5594
5595
5596
5597
5598
5599
5601
5602
5603
5605
5606
5609
5610
5613
5614
5615
5616
5620
5621
5622
5623
5624
5625
5626
5628
5629
5633
5634
5636
5637
5638
5639
5641
5642
5643
5645
5646
5647
5649
5650
5651
5652
5655
5656
5657
5660
5661
5662
5664
5665
5666
5667
5668
5669
5670
5671
5672
5673
5675
5676
5678
5679
5680
5682
5684
5685
5686
5687
5689
5690
5691
5692
5693
5694
5697
5699
5701
5702
5703
5704
5705
5706
5707
5708
5709
5712
5713
5714
5715
5716
5718
5719
5720
5721
5722
5723
5724
5726
5727
5728
5729
5731
5732
5733
5734
5735
5737
5739
5741
5743
5745
5748
5749
5750
5752
5753
5754
5755
5756
5759
5761
5763
5765
5766
5767
5768
5769
5773
5774
5776
5777
5782
5783
5784
5786
5788
5789
5792
5793
5795
5796
5800
5802
5804
5808
5810
5811
5812
5813
5814
5815
5819
5821
5824
5825
5827
5828
5831
5833
5837
5839
5840
5841
5845
5846
5847
5849
5852
5855
5857
5859
5860
5862
5863
5864
5865
5866
5867
5869
5870
5871
5876
5878
5881
5883
5884
5885
5891
5892
5893
5894
5895
5896
5897
5898
5899
5902
5904
5905
5906
5907
5908
5909
5910
5911
5913
5914
5915
5917
5918
5919
5920
5921
5924
5925
5926
5928
5929
5931
5934
5937
5938
5939
5940
5942
5943
5945
5946
5948
5949
5953
5954
5956
5957
5959
5960
5961
5962
5966
5967
5969
5970
5971
5972
5973
5974
5975
5978
5979
5981
5983
5984
5985
5987
5989
5992
5993
5994
5998
5999
6003
6004
6006
6010
6012
6013
6014
6015
6016
6019
6020
6022
6025
6026
6027
6029
6030
6033
6038
6039
6041
6042
6045
6053
6056
6057
6058
6059
6060
6061
6062
6063
6064
6065
6068
6069
6071
6073
6075
6076
6077
6078
6079
6080
6083
6084
6086
6087
6090
6093
6094
6095
6096
6097
6098
6100
6106
6107
6108
6109
6110
6111
6112
6113
6114
6115
6118
6119
6120
6122
6123
6124
6125
6126
6127
6130
6131
6132
6133
6134
6135
6136
6137
6138
6139
6141
6142
6145
6146
6147
6148
6149
6150
6151
6152
6153
6154
6155
6156
6159
6161
6162
6164
6165
6166
6167
6168
6169
6171
6172
6173
6174
6175
6176
6177
6178
6179
6180
6181
6182
6183
6185
6186
6188
6189
6190
6192
6193
6194
6196
6197
6198
6199
6200
6201
6203
6204
6206
6207
6208
6210
6211
6212
6213
6214
6216
6218
6219
6220
6221
6223
6224
6227
6228
6229
6230
6231
6233
6234
6235
6236
6237
6238
6239
6240
6242
6243
6244
6245
6246
6247
6249
6250
6251
6253
6254
6255
6256
6257
6258
6259
6260
6261
6262
6263
6264
6265
6266
6267
6268
6269
6270
6271
6272
6273
6274
6276
6277
6279
6280
6281
6283
6284
6285
6286
6288
6289
6291
6293
6296
6297
6299
6300
6301
6302
6303
6305
6306
6307
6309
6311
6312
6313
6314
6315
6316
6317
6318
6319
6321
6322
6324
6326
6327
6328
6330
6331
6332
6333
6336
6338
6339
6340
6341
6342
6343
6344
6346
6347
6348
6349
6350
6351
6352
6354
6355
6356
6357
6358
6359
6360
6361
6363
6364
6365
6368
6369
6370
6371
6372
6373
6374
6375
6376
6377
6378
6379
6380
6381
6382
6383
6384
6388
6389
6390
6391
6393
6394
6395
6396
6397
6398
6399
6400
6401
6402
6403
6404
6405
6406
6407
6408
6409
6411
6412
6413
6414
6416
6419
6420
6422
6424
6425
6426
6428
6429
6431
6432
6433
6434
6435
6436
6438
6439
6441
6442
6443
6444
6445
6446
6447
6448
6450
6451
6452
6453
6455
6456
6457
6459
6461
6462
6463
6464
6465
6466
6467
6468
6471
6472
6473
6474
6476
6477
6478
6480
6481
6482
6483
6484
6485
6487
6488
6489
6490
6492
6493
6494
6495
6496
6497
6498
6500
6501
6502
6503
6504
6505
6506
6507
6509
6510
6511
6512
6514
6515
6516
6517
6519
6520
6523
6524
6525
6526
6527
6528
6530
6531
6532
6534
6535
6537
6538
6539
6540
6542
6543
6544
6545
6546
6547
6548
6549
6550
6552
6554
6555
6556
6557
6558
6560
6561
6562
6564
6565
6566
6567
6568
6569
6570
6571
6572
6573
6574
6575
6576
6578
6579
6580
6581
6583
6584
6585
6586
6587
6588
6589
6590
6591
6592
6593
6595
6597
6598
6599
6600
6602
6603
6604
6605
6606
6607
6608
6609
6610
6611
6612
6613
6614
6615
6616
6617
6618
6619
6621
6622
6623
6625
6626
6627
6628
6629
6631
6633
6634
6635
6636
6638
6639
6640
6641
6642
6644
6647
6648
6649
6650
6652
6653
6655
6656
6657
6659
6660
6662
6663
6664
6665
6666
6667
6668
6669
6670
6673
6674
6675
6677
6678
6679
6680
6681
6682
6683
6684
6685
6686
6687
6688
6689
6691
6692
6694
6695
6696
6697
6698
6699
6700
6701
6702
6705
6706
6707
6708
6710
6712
6713
6714
6715
6716
6719
6720
6721
6723
6724
6725
6726
6727
6728
6729
6730
6731
6732
6733
6735
6736
6737
6739
6740
6742
6743
6745
6746
6749
6750
6751
6752
6753
6754
6757
6759
6761
6762
6763
6764
6765
6766
6767
6768
6769
6771
6772
6773
6774
6775
6776
6777
6778
6779
6780
6782
6783
6785
6786
6787
6789
6790
6791
6792
6793
6795
6796
6797
6798
6799
6800
6801
6802
6803
6804
6805
6806
6808
6809
6810
6811
6812
6813
6814
6815
6818
6819
6821
6822
6823
6825
6828
6829
6830
6831
6832
6833
6834
6835
6836
6837
6838
6840
6841
6844
6845
6846
6847
6848
6849
6850
6851
6852
6853
6854
6855
6856
6857
6858
6859
6860
6861
6862
6863
6865
6867
6868
6869
6871
6872
6873
6874
6876
6877
6878
6879
6880
6883
6884
6885
6886
6887
6888
6889
6891
6892
6893
6894
6895
6896
6897
6898
6899
6900
6901
6902
6903
6904
6905
6906
6907
6909
6910
6911
6913
6914
6915
6917
6919
6920
6921
6922
6924
6925
6926
6927
6928
6929
6931
6932
6934
6935
6936
6937
6938
6939
6940
6941
6942
6943
6944
6946
6947
6948
6949
6950
6951
6952
6955
6956
6957
6958
6959
6960
6962
6963
6964
6965
6966
6967
6968
6969
6970
6971
6972
6974
6975
6976
6977
6978
6979
6980
6982
6983
6985
6986
6987
6988
6991
6992
6993
6994
6995
6996
6997
6999
7001
7002
7003
7005
7006
7008
7009
7010
7012
7013
7014
7015
7017
7018
7019
7021
7022
7023
7024
7025
7026
7027
7029
7030
7031
7032
7033
7035
7036
7038
7039
7040
7041
7042
7043
7044
7045
7046
7047
7048
7049
7050
7052
7053
7056
7057
7058
7059
7060
7061
7064
7065
7066
7067
7068
7069
7070
7071
7072
7073
7074
7076
7077
7078
7080
7081
7082
7083
7084
7085
7087
7089
7090
7091
7092
7094
7095
7096
7097
7100
7101
7102
7104
7105
7108
7109
7110
7111
7112
7113
7114
7116
7117
7119
7120
7121
7122
7123
7124
7127
7128
7129
7130
7131
7132
7133
7134
7135
7137
7138
7141
7142
7143
7144
7145
7146
7147
7148
7149
7150
7151
7152
7153
7154
7155
7156
7157
7158
7159
7160
7161
7162
7163
7165
7166
7167
7168
7169
7170
7172
7173
7174
7175
7176
7178
7179
7180
7181
7182
7183
7184
7185
7187
7188
7189
7190
7191
7193
7194
7195
7196
7197
7198
7200
7201
7202
7204
7205
7207
7210
7212
7213
7214
7216
7217
7218
7219
7220
7222
7223
7225
7226
7227
7228
7229
7230
7232
7234
7235
7236
7237
7238
7239
7240
7241
7242
7243
7244
7245
7246
7247
7250
7252
7254
7255
7256
7258
7259
7262
7263
7267
7268
7269
7270
7271
7272
7273
7274
7275
7276
7278
7279
7280
7282
7284
7285
7287
7288
7289
7290
7291
7292
7293
7294
7295
7296
7297
7298
7299
7300
7301
7302
7303
7305
7306
7307
7308
7309
7310
7311
7312
7313
7315
7316
7317
7318
7319
7320
7321
7322
7323
7324
7325
7327
7328
7329
7331
7332
7333
7334
7335
7337
7338
7339
7340
7341
7342
7343
7344
7345
7346
7348
7350
7351
7352
7353
7354
7355
7356
7357
7358
7359
7360
7361
7362
7364
7365
7366
7367
7368
7369
7371
7373
7374
7376
7378
7380
7381
7382
7383
7385
7387
7388
7389
7390
7391
7392
7393
7394
7395
7396
7397
7398
7400
7401
7402
7404
7406
7407
7411
7412
7413
7414
7415
7416
7417
7418
7419
7420
7421
7422
7423
7425
7426
7427
7428
7429
7430
7431
7432
7433
7434
7435
7436
7437
7438
7441
7442
7443
7444
7445
7446
7447
7448
7449
7450
7451
7452
7453
7454
7455
7456
7457
7458
7459
7460
7461
7462
7463
7464
7466
7467
7468
7469
7470
7471
7472
7474
7476
7478
7479
7480
7481
7482
7483
7484
7485
7486
7487
7488
7489
7491
7493
7494
7495
7496
7497
7498
7499
7500
7502
7504
7505
7506
7507
7509
7510
7511
7512
7515
7516
7517
7518
7519
7520
7521
7522
7523
7526
7527
7528
7529
7530
7531
7532
7533
7535
7536
7537
7538
7539
7540
7541
7542
7543
7545
7546
7547
7548
7549
7550
7552
7553
7554
7556
7557
7558
7559
7560
7562
7563
7564
7565
7567
7568
7569
7570
7571
7572
7574
7576
7577
7578
7579
7580
7581
7582
7583
7584
7586
7587
7588
7590
7591
7592
7593
7594
7595
7596
7597
7599
7600
7601
7603
7605
7606
7607
7608
7609
7610
7611
7612
7613
7618
7619
7620
7621
7622
7624
7625
7626
7627
7629
7630
7631
7632
7633
7634
7635
7636
7638
7639
7640
7641
7642
7643
7644
7645
7647
7648
