2
3
4
7
11
12
13
16
18
19
20
22
24
26
30
35
36
37
38
39
43
45
47
50
51
52
53
55
56
57
59
64
66
69
70
71
75
76
77
79
80
81
82
83
85
87
89
90
93
94
95
97
99
101
104
105
107
108
109
110
111
113
114
116
117
118
119
120
121
124
125
128
130
131
132
133
135
137
138
139
140
141
143
144
145
147
149
150
151
154
155
156
158
161
163
164
165
167
168
171
173
175
176
177
179
180
181
183
185
186
187
188
189
192
193
194
197
198
199
200
201
202
203
205
206
207
209
210
211
216
217
218
219
220
224
225
227
229
230
232
233
237
238
239
241
242
243
244
245
248
250
252
254
255
256
261
263
265
266
273
274
277
281
283
284
286
287
288
292
293
294
295
296
297
300
303
305
306
307
309
310
314
316
318
320
321
322
323
325
326
328
329
330
334
335
337
340
342
345
347
348
351
352
353
357
358
361
362
368
369
370
371
375
376
377
378
379
381
382
383
384
385
386
387
388
389
390
392
393
395
396
397
398
400
402
403
405
406
409
410
414
417
419
420
421
424
427
429
430
431
432
434
437
438
439
441
442
443
450
451
452
453
454
455
457
460
463
464
465
471
473
474
476
477
478
480
483
485
486
489
491
493
496
497
498
499
501
502
505
507
509
510
511
512
515
520
522
523
526
527
529
530
531
533
535
539
540
541
542
545
546
548
549
550
552
554
557
560
561
564
567
569
570
571
573
574
575
576
578
580
583
584
585
589
590
591
592
593
594
596
597
598
603
604
606
609
612
614
617
618
622
623
626
627
628
634
635
636
638
639
642
644
645
647
650
652
653
654
656
657
658
661
662
664
666
667
668
669
671
672
673
675
677
679
680
681
683
684
685
686
688
689
691
692
695
696
697
700
701
702
704
706
708
709
711
712
713
714
715
718
719
720
723
724
726
727
729
731
732
733
734
735
738
740
741
742
743
745
746
747
748
749
750
752
753
754
755
756
758
759
762
763
765
766
767
771
772
777
778
779
781
783
785
787
788
791
794
795
798
800
801
805
807
808
810
811
812
813
814
816
818
820
821
822
824
825
827
830
832
834
835
836
837
838
839
840
841
842
843
844
845
846
847
848
850
851
852
854
855
856
858
860
861
862
864
865
867
868
869
870
871
872
877
878
879
880
881
882
883
884
885
886
887
889
894
895
897
899
900
904
906
910
912
914
918
920
921
922
923
924
925
926
927
931
932
935
937
939
940
942
946
947
950
951
952
953
954
957
958
960
961
964
965
966
967
968
970
972
974
975
977
978
979
980
981
985
988
989
991
993
995
1000
1002
1004
1005
1007
1009
1010
1011
1012
1015
1016
1017
1018
1021
1022
1023
1025
1026
1027
1028
1030
1031
1032
1033
1035
1040
1041
1042
1043
1044
1045
1047
1048
1049
1050
1051
1052
1054
1055
1057
1058
1060
1061
1062
1064
1066
1067
1068
1069
1071
1072
1074
1075
1076
1078
1080
1081
1082
1085
1086
1088
1092
1094
1095
1097
1098
1099
1101
1102
1103
1104
1107
1108
1109
1110
1113
1114
1115
1116
1117
1118
1119
1120
1122
1124
1125
1126
1127
1128
1130
1131
1133
1135
1136
1138
1140
1141
1142
1143
1144
1145
1148
1151
1152
1153
1154
1155
1157
1158
1160
1161
1163
1165
1166
1167
1168
1169
1174
1175
1177
1178
1179
1180
1182
1183
1186
1188
1189
1191
1192
1195
1196
1197
1200
1201
1202
1204
1208
1209
1210
1217
1218
1219
1220
1221
1225
1226
1227
1229
1231
1232
1234
1235
1236
1237
1239
1242
1243
1246
1251
1253
1256
1259
1261
1262
1264
1265
1266
1268
1270
1273
1274
1275
1276
1277
1278
1282
1283
1285
1286
1287
1289
1291
1293
1295
1296
1297
1298
1299
1302
1309
1312
1313
1314
1316
1317
1319
1320
1321
1322
1325
1327
1329
1330
1334
1335
1337
1339
1341
1342
1345
1346
1347
1349
1350
1351
1352
1353
1355
1356
1357
1359
1360
1361
1363
1366
1367
1368
1369
1370
1371
1375
1376
1379
1380
1381
1382
1383
1384
1385
1386
1388
1389
1391
1392
1393
1398
1400
1401
1402
1404
1405
1406
1407
1408
1409
1411
1412
1413
1414
1416
1417
1419
1421
1423
1424
1425
1426
1428
1429
1432
1433
1435
1436
1437
1438
1439
1441
1443
1444
1447
1448
1449
1450
1451
1453
1454
1455
1456
1459
1461
1463
1468
1469
1471
1472
1478
1479
1482
1484
1485
1491
1492
1496
1498
1499
1502
1503
1505
1507
1508
1512
1514
1515
1516
1517
1518
1519
1520
1522
1523
1524
1525
1526
1527
1528
1529
1530
1531
1532
1533
1537
1539
1542
1543
1545
1547
1549
1551
1553
1555
1556
1557
1559
1560
1561
1563
1565
1566
1567
1571
1572
1574
1575
1578
1580
1581
1582
1588
1589
1590
1592
1593
1594
1596
1598
1599
1601
1602
1604
1606
1607
1608
1609
1610
1611
1612
1613
1614
1617
1618
1619
1621
1622
1624
1626
1627
1629
1630
1631
1632
1633
1634
1636
1637
1638
1639
1640
1642
1646
1650
1653
1656
1657
1658
1659
1662
1663
1664
1665
1666
1667
1668
1670
1671
1672
1675
1676
1678
1680
1681
1682
1684
1687
1688
1690
1695
1696
1701
1702
1703
1704
1705
1708
1709
1710
1711
1712
1714
1715
1716
1717
1718
1719
1720
1721
1723
1725
1728
1731
1734
1737
1739
1740
1742
1744
1745
1746
1747
1750
1751
1753
1754
1757
1758
1759
1763
1764
1765
1766
1767
1768
1769
1771
1772
1775
1776
1777
1778
1779
1781
1785
1787
1789
1791
1792
1793
1794
1798
1800
1801
1802
1803
1805
1806
1807
1808
1812
1813
1815
1817
1821
1825
1827
1828
1829
1830
1831
1832
1834
1835
1837
1839
1842
1845
1846
1850
1852
1853
1855
1857
1858
1860
1861
1863
1864
1866
1867
1869
1870
1871
1872
1874
1875
1877
1878
1882
1884
1885
1886
1887
1888
1889
1890
1891
1892
1896
1897
1898
1899
1901
1902
1905
1906
1907
1908
1909
1910
1912
1913
1914
1917
1918
1919
1921
1922
1923
1926
1928
1929
1930
1932
1933
1935
1938
1939
1940
1941
1942
1946
1947
1948
1949
1951
1953
1956
1957
1959
1960
1962
1963
1965
1966
1967
1968
1971
1975
1977
1978
1979
1982
1983
1984
1985
1986
1987
1988
1989
1992
1994
1995
1996
1998
2004
2005
2006
2007
2009
2010
2012
2014
2015
2016
2018
2019
2022
2023
2024
2025
2026
2027
2028
2029
2030
2032
2033
2034
2035
2041
2042
2044
2046
2047
2048
2049
2050
2051
2052
2056
2057
2058
2059
2060
2061
2062
2063
2065
2066
2069
2070
2071
2072
2073
2075
2076
2078
2079
2080
2081
2082
2084
2086
2087
2088
2090
2091
2092
2097
2098
2099
2100
2104
2105
2107
2109
2110
2111
2112
2114
2115
2116
2117
2122
2123
2124
2125
2126
2127
2129
2130
2132
2134
2136
2137
2140
2143
2149
2151
2154
2156
2157
2158
2159
2160
2161
2163
2166
2167
2168
2169
2170
2171
2172
2173
2174
2175
2176
2177
2181
2182
2183
2184
2185
2187
2190
2192
2194
2195
2197
2199
2202
2204
2207
2210
2213
2220
2221
2223
2224
2226
2229
2230
2233
2235
2236
2240
2242
2243
2244
2245
2246
2249
2250
2251
2258
2261
2262
2263
2264
2265
2266
2270
2271
2272
2273
2276
2277
2278
2279
2280
2281
2282
2285
2286
2287
2288
2289
2290
2292
2293
2294
2296
2300
2301
2302
2303
2304
2306
2308
2309
2311
2314
2315
2316
2317
2318
2319
2321
2323
2324
2325
2327
2328
2329
2330
2331
2334
2335
2336
2337
2339
2340
2341
2342
2343
2349
2350
2351
2353
2355
2359
2360
2364
2365
2367
2368
2369
2370
2373
2375
2380
2381
2382
2383
2385
2386
2387
2388
2390
2392
2393
2394
2395
2396
2397
2400
2402
2403
2404
2405
2408
2409
2412
2413
2415
2418
2420
2421
2422
2423
2425
2427
2429
2430
2431
2434
2435
2437
2438
2440
2444
2445
2446
2447
2448
2450
2451
2452
2453
2455
2457
2459
2460
2461
2462
2463
2464
2466
2467
2469
2473
2474
2476
2477
2478
2479
2480
2482
2483
2485
2487
2488
2490
2492
2493
2494
2495
2496
2497
2498
2499
2501
2503
2505
2506
2510
2512
2513
2514
2515
2517
2519
2520
2523
2524
2531
2532
2533
2534
2535
2536
2537
2539
2541
2546
2547
2548
2549
2550
2551
2553
2554
2555
2556
2558
2560
2562
2564
2565
2566
2567
2568
2570
2571
2572
2573
2576
2577
2579
2584
2586
2587
2589
2590
2592
2593
2594
2596
2597
2599
2600
2602
2603
2605
2606
2607
2608
2609
2610
2611
2613
2614
2615
2616
2619
2620
2621
2622
2625
2627
2629
2631
2632
2633
2634
2635
2637
2639
2641
2644
2645
2647
2649
2651
2652
2654
2655
2656
2659
2661
2663
2667
2668
2669
2671
2672
2673
2674
2676
2677
2680
2682
2683
2685
2686
2690
2691
2693
2697
2699
2700
2704
2706
2707
2709
2712
2714
2716
2718
2723
2725
2726
2729
2730
2731
2733
2735
2736
2738
2741
2742
2743
2745
2746
2747
2748
2749
2750
2751
2752
2757
2758
2759
2760
2761
2762
2763
2764
2765
2766
2767
2770
2771
2772
2773
2775
2776
2778
2781
2783
2784
2788
2789
2791
2793
2794
2795
2796
2797
2798
2799
2800
2804
2813
2814
2815
2817
2818
2823
2824
2825
2826
2828
2829
2830
2831
2832
2833
2836
2838
2839
2840
2841
2844
2848
2850
2851
2855
2856
2858
2859
2861
2862
2864
2867
2868
2870
2875
2876
2878
2879
2881
2884
2887
2888
2889
2891
2892
2893
2895
2896
2898
2899
2901
2902
2903
2905
2906
2907
2908
2910
2912
2915
2916
2917
2919
2920
2923
2924
2925
2926
2928
2929
2930
2931
2932
2933
2934
2938
2939
2940
2941
2942
2943
2947
2949
2951
2952
2954
2955
2957
2958
2959
2960
2964
2965
2968
2969
2970
2971
2972
2973
2974
2978
2979
2981
2982
2983
2985
2988
2993
2994
2995
2996
2999
3003
3004
3006
3007
3009
3011
3012
3013
3016
3017
3021
3022
3023
3024
3025
3026
3027
3028
3029
3031
3032
3033
3034
3035
3037
3041
3044
3046
3048
3049
3050
3051
3053
3055
3057
3060
3061
3062
3064
3065
3066
3067
3068
3074
3075
3076
3077
3078
3079
3080
3085
3086
3088
3089
3090
3091
3093
3094
3095
3096
3098
3101
3103
3105
3108
3111
3114
3115
3116
3118
3121
3122
3126
3127
3130
3131
3132
3134
3135
3136
3137
3138
3139
3140
3142
3144
3145
3146
3149
3150
3151
3152
3153
3155
3156
3157
3163
3164
3165
3166
3167
3168
3169
3174
3175
3176
3178
3179
3180
3181
3183
3184
3185
3191
3192
3193
3197
3198
3199
3200
3204
3205
3211
3212
3214
3216
3217
3218
3221
3222
3224
3225
3226
3227
3228
3229
3230
3232
3235
3236
3238
3239
3240
3241
3242
3245
3250
3251
3253
3256
3257
3260
3263
3264
3267
3269
3271
3272
3273
3274
3276
3279
3280
3281
3282
3283
3284
3286
3288
3292
3293
3294
3295
3296
3297
3298
3299
3300
3304
3306
3311
3312
3313
3315
3317
3318
3319
3320
3322
3325
3327
3328
3330
3331
3334
3335
3336
3337
3338
3339
3341
3342
3348
3349
3351
3352
3353
3355
3357
3360
3361
3363
3366
3368
3371
3372
3373
3374
3375
3376
3379
3385
3388
3389
3391
3392
3393
3395
3396
3397
3402
3404
3411
3413
3414
3416
3417
3419
3421
3422
3423
3425
3427
3428
3429
3430
3431
3433
3436
3437
3438
3440
3441
3442
3444
3445
3447
3448
3449
3451
3453
3454
3455
3457
3458
3460
3462
3463
3464
3465
3466
3467
3468
3472
3473
3474
3475
3476
3477
3479
3480
3483
3484
3486
3487
3489
3491
3492
3494
3495
3496
3497
3499
3501
3502
3503
3504
3506
3508
3509
3510
3512
3516
3519
3521
3522
3524
3528
3530
3533
3534
3539
3540
3542
3543
3544
3545
3547
3548
3549
3550
3554
3555
3556
3557
3558
3559
3560
3562
3563
3564
3565
3566
3567
3568
3569
3570
3571
3573
3574
3577
3578
3580
3581
3583
3585
3586
3589
3592
3593
3594
3595
3596
3599
3600
3602
3603
3604
3606
3607
3610
3611
3612
3614
3615
3618
3622
3623
3624
3626
3629
3630
3632
3633
3636
3637
3639
3640
3641
3642
3643
3644
3645
3646
3647
3649
3650
3651
3652
3654
3655
3656
3657
3658
3659
3660
3662
3664
3665
3666
3667
3668
3672
3673
3680
3682
3686
3687
3688
3689
3690
3691
3693
3694
3695
3697
3700
3701
3703
3704
3705
3706
3707
3708
3712
3713
3717
3719
3720
3722
3723
3724
3726
3727
3728
3729
3730
3732
3733
3735
3737
3738
3740
3743
3744
3745
3746
3747
3748
3749
3750
3751
3752
3754
3755
3756
3757
3760
3761
3763
3764
3770
3772
3775
3780
3781
3782
3784
3785
3786
3791
3793
3794
3795
3796
3797
3799
3801
3805
3807
3808
3813
3815
3817
3819
3820
3821
3822
3823
3824
3825
3826
3828
3829
3833
3834
3835
3836
3837
3838
3839
3842
3844
3845
3846
3847
3848
3850
3852
3853
3854
3856
3859
3862
3864
3867
3868
3869
3870
3871
3872
3875
3876
3878
3880
3883
3884
3886
3887
3888
3890
3892
3894
3895
3896
3899
3900
3901
3903
3906
3908
3910
3912
3913
3914
3916
3918
3919
3920
3921
3922
3927
3928
3929
3931
3932
3934
3935
3936
3938
3940
3942
3943
3946
3951
3952
3955
3957
3959
3960
3962
3964
3965
3966
3967
3968
3969
3970
3971
3972
3974
3975
3976
3979
3984
3986
3989
3992
3995
3998
3999
4000
4002
4003
4004
4005
4006
4008
4009
4014
4015
4017
4018
4019
4021
4022
4023
4024
4028
4030
4033
4034
4036
4037
4040
4041
4043
4049
4050
4052
4053
4054
4055
4056
4059
4060
4061
4062
4064
4066
4067
4068
4075
4077
4081
4082
4083
4084
4088
4090
4091
4094
4095
4096
4097
4099
4100
4101
4104
4107
4109
4110
4111
4112
4114
4118
4120
4121
4124
4126
4127
4128
4130
4131
4134
4135
4136
4139
4140
4143
4144
4145
4146
4148
4149
4151
4155
4156
4157
4158
4159
4160
4162
4163
4164
4165
4166
4167
4170
4172
4173
4174
4176
4177
4178
4182
4185
4186
4187
4189
4190
4193
4196
4197
4198
4200
4203
4204
4205
4208
4210
4211
4212
4213
4214
4215
4216
4219
4220
4221
4222
4223
4225
4227
4228
4231
4232
4234
4235
4236
4237
4238
4239
4240
4242
4243
4244
4246
4248
4252
4253
4256
4257
4259
4261
4262
4269
4270
4271
4273
4276
4278
4279
4280
4282
4284
4285
4286
4288
4291
4293
4294
4296
4298
4299
4301
4302
4304
4305
4306
4307
4308
4309
4310
4313
4315
4317
4318
4324
4326
4330
4334
4335
4336
4337
4340
4341
4346
4347
4350
4353
4355
4356
4357
4359
4360
4361
4365
4369
4370
4372
4373
4379
4380
4383
4384
4385
4388
4389
4390
4394
4395
4396
4397
4403
4404
4405
4406
4407
4408
4413
4414
4415
4416
4417
4420
4422
4423
4428
4429
4431
4432
4433
4434
4435
4438
4440
4442
4444
4445
4448
4450
4451
4452
4453
4454
4455
4456
4457
4458
4460
4462
4465
4466
4467
4468
4469
4470
4472
4474
4476
4478
4480
4481
4484
4485
4488
4490
4491
4492
4493
4494
4495
4497
4500
4502
4503
4504
4505
4506
4512
4513
4515
4516
4517
4518
4520
4523
4524
4525
4526
4527
4529
4531
4533
4537
4538
4539
4541
4543
4544
4545
4546
4547
4550
4551
4552
4553
4554
4558
4559
4560
4561
4562
4563
4565
4567
4570
4571
4572
4573
4574
4575
4576
4577
4578
4581
4583
4586
4590
4591
4592
4593
4594
4596
4598
4599
4600
4601
4602
4604
4606
4609
4610
4611
4612
4616
4617
4618
4619
4621
4622
4623
4625
4626
4627
4628
4629
4631
4632
4635
4639
4642
4643
4644
4645
4646
4647
4651
4652
4653
4654
4655
4657
4662
4664
4665
4666
4668
4673
4675
4677
4680
4682
4685
4686
4687
4688
4690
4692
4693
4694
4698
4699
4700
4703
4704
4705
4706
4707
4709
4710
4711
4712
4713
4715
4717
4719
4720
4722
4723
4724
4726
4728
4729
4730
4732
4733
4734
4735
4736
4737
4738
4742
4745
4746
4747
4748
4752
4753
4754
4756
4759
4761
4762
4763
4764
4765
4768
4769
4772
4774
4775
4778
4779
4780
4781
4783
4784
4787
4788
4789
4790
4795
4798
4799
4801
4803
4805
4806
4807
4809
4812
4815
4816
4817
4818
4819
4820
4821
4822
4824
4825
4826
4827
4829
4830
4831
4834
4835
4837
4838
4839
4842
4844
4846
4847
4850
4851
4852
4854
4855
4856
4859
4860
4861
4864
4867
4870
4871
4872
4875
4876
4878
4879
4881
4883
4884
4885
4886
4888
4889
4890
4893
4894
4895
4897
4899
4900
4901
4902
4903
4904
4905
4907
4908
4909
4912
4913
4914
4915
4916
4918
4920
4924
4925
4926
4927
4928
4929
4933
4934
4936
4937
4939
4940
4943
4944
4946
4948
4950
4951
4952
4954
4955
4956
4959
4962
4963
4964
4965
4967
4968
4971
4973
4975
4977
4979
4980
4982
4984
4985
4988
4990
4991
4992
4993
4994
4995
4998
5000
5002
5003
5004
5005
5006
5008
5009
5010
5011
5014
5019
5021
5022
5026
5027
5030
5033
5035
5037
5038
5040
5041
5043
5044
5045
5047
5050
5052
5053
5054
5057
5058
5059
5060
5062
5064
5065
5066
5068
5070
5071
5073
5074
5075
5076
5077
5079
5084
5087
5088
5089
5091
5092
5093
5094
5096
5097
5098
5100
5101
5102
5103
5104
5107
5108
5111
5112
5115
5120
5122
5123
5124
5125
5128
5129
5130
5131
5132
5134
5137
5141
5142
5143
5144
5145
5147
5148
5149
5150
5151
5152
5153
5155
5157
5160
5161
5162
5163
5164
5165
5166
5167
5168
5170
5171
5172
5173
5174
5175
5176
5177
5178
5179
5180
5181
5182
5184
5185
5186
5187
5189
5191
5193
5194
5195
5196
5197
5201
5202
5204
5205
5207
5211
5212
5213
5215
5218
5220
5221
5222
5225
5226
5227
5231
5234
5236
5237
5239
5240
5241
5242
5244
5247
5248
5249
5250
5253
5254
5255
5256
5259
5260
5261
5263
5264
5265
5267
5271
5273
5275
5277
5278
5280
5281
5283
5285
5287
5289
5292
5293
5294
5295
5299
5300
5301
5304
5306
5308
5309
5311
5312
5314
5315
5316
5317
5318
5319
5320
5323
5325
5326
5327
5330
5331
5332
5335
5337
5338
5340
5341
5342
5343
5346
5347
5349
5350
5352
5353
5354
5355
5356
5357
5359
5361
5363
5364
5365
5366
5367
5368
5369
5370
5371
5373
5374
5375
5376
5379
5381
5382
5383
5384
5385
5386
5387
5389
5392
5393
5394
5395
5398
5399
5401
5403
5406
5407
5408
5411
5413
5415
5419
5421
5423
5424
5425
5426
5427
5431
5432
5433
5434
5435
5436
5438
5440
5441
5442
5443
5444
5445
5447
5449
5450
5451
5455
5456
5457
5459
5460
5463
5464
5465
5468
5470
5474
5475
5476
5477
5478
5479
5480
5482
5483
5484
5486
5488
5489
5490
5493
5494
5495
5496
5498
5499
5500
5501
5503
5504
5506
5507
5508
5509
5510
5512
5514
5515
5517
5518
5520
5521
5523
5524
5525
5527
5528
5530
5532
5533
5534
5535
5539
5540
5542
5543
5546
5548
5549
5550
5553
5554
5555
5557
5560
5561
5564
5565
5569
5572
5575
5576
5577
5578
5581
5582
5584
5586
5587
5589
5590
5591
5592
5593
5594
5595
5596
5598
5601
5602
5603
5606
5610
5611
5613
5615
5616
5617
5619
5621
5622
5623
5624
5625
5626
5628
5629
5630
5631
5632
5633
5635
5636
5637
5638
5640
5641
5643
5644
5645
5647
5648
5657
5658
5659
5662
5664
5669
5670
5676
5677
5678
5679
5680
5682
5683
5684
5685
5687
5689
5692
5695
5696
5698
5699
5701
5703
5704
5705
5706
5707
5708
5709
5710
5711
5712
5714
5715
5719
5721
5724
5725
5726
5727
5728
5729
5737
5738
5739
5741
5742
5743
5744
5746
5747
5748
5750
5751
5752
5753
5754
5758
5759
5760
5761
5762
5763
5764
5766
5767
5768
5771
5773
5776
5778
5779
5783
5784
5785
5787
5791
5795
5796
5797
5798
5799
5800
5804
5806
5808
5809
5811
5816
5817
5818
5820
5822
5823
5825
5826
5827
5830
5832
5833
5834
5836
5839
5840
5841
5842
5843
5844
5847
5849
5850
5851
5852
5853
5855
5858
5860
5861
5862
5863
5870
5871
5872
5875
5876
5877
5878
5879
5880
5882
5883
5886
5887
5888
5889
5890
5892
5894
5895
5898
5901
5902
5903
5909
5910
5914
5919
5920
5922
5923
5924
5927
5928
5930
5934
5937
5938
5939
5941
5942
5943
5944
5946
5947
5948
5950
5951
5953
5954
5955
5956
5957
5959
5962
5965
5966
5967
5968
5970
5971
5973
5974
5975
5977
5979
5980
5982
5983
5984
5988
5991
5992
5993
5994
5997
5998
6002
6003
6004
6007
6009
6011
6013
6014
6015
6017
6018
6020
6021
6022
6025
6026
6027
6030
6033
6037
6038
6040
6041
6043
6044
6045
6047
6049
6050
6051
6052
6055
6056
6057
6061
6063
6065
6066
6067
6068
6069
6070
6073
6074
6077
6079
6081
6082
6084
6087
6088
6089
6090
6091
6092
6096
6098
6099
6100
6104
6107
6108
6109
6110
6114
6115
6117
6118
6119
6120
6121
6123
6124
6125
6126
6127
6128
6129
6130
6131
6132
6133
6134
6135
6136
6137
6140
6141
6143
6144
6146
6147
6149
6150
6152
6153
6154
6155
6156
6157
6158
6160
6161
6162
6163
6164
6165
6166
6170
6172
6173
6174
6176
6177
6178
6179
6181
6182
6183
6184
6186
6187
6189
6190
6191
6192
6194
6195
6199
6200
6201
6202
6203
6204
6205
6207
6208
6209
6210
6213
6214
6215
6216
6217
6219
6221
6222
6223
6225
6226
6227
6228
6229
6231
6232
6233
6234
6235
6236
6237
6238
6239
6241
6242
6245
6246
6247
6248
6251
6252
6253
6254
6255
6256
6258
6259
6260
6263
6264
6265
6268
6269
6270
6271
6273
6275
6276
6277
6278
6279
6280
6282
6283
6284
6285
6286
6287
6288
6289
6290
6291
6292
6293
6294
6295
6296
6297
6298
6299
6300
6302
6303
6304
6305
6308
6310
6311
6312
6313
6314
6315
6316
6317
6318
6319
6320
6322
6323
6324
6325
6326
6328
6329
6331
6332
6333
6334
6335
6336
6337
6338
6339
6340
6341
6342
6344
6345
6346
6348
6349
6351
6353
6354
6355
6356
6357
6358
6360
6361
6362
6363
6364
6365
6366
6367
6368
6369
6371
6372
6373
6374
6375
6376
6377
6379
6380
6383
6384
6385
6386
6387
6388
6392
6393
6395
6398
6399
6400
6401
6402
6404
6405
6406
6407
6408
6409
6410
6411
6412
6415
6416
6417
6418
6419
6421
6422
6423
6424
6425
6427
6428
6429
6430
6432
6433
6434
6435
6436
6437
6439
6440
6441
6443
6444
6447
6448
6449
6450
6452
6453
6454
6455
6456
6457
6458
6460
6461
6462
6463
6464
6465
6466
6467
6468
6469
6470
6472
6473
6475
6476
6477
6478
6479
6480
6481
6484
6486
6487
6489
6491
6492
6494
6495
6496
6497
6498
6499
6502
6504
6505
6506
6507
6508
6509
6510
6511
6512
6513
6516
6517
6518
6520
6521
6522
6524
6527
6528
6529
6530
6531
6532
6533
6534
6536
6537
6538
6540
6541
6542
6544
6546
6548
6550
6551
6552
6553
6555
6556
6557
6558
6559
6560
6561
6563
6566
6567
6568
6569
6570
6572
6573
6574
6575
6576
6577
6578
6579
6581
6582
6583
6584
6587
6588
6589
6590
6591
6593
6594
6595
6596
6597
6598
6599
6600
6601
6602
6603
6604
6605
6606
6608
6609
6611
6612
6613
6615
6617
6620
6621
6622
6623
6624
6625
6626
6627
6628
6629
6630
6632
6633
6635
6636
6637
6638
6640
6641
6642
6643
6644
6645
6646
6648
6649
6650
6651
6652
6653
6654
6656
6657
6658
6659
6660
6661
6662
6663
6664
6665
6666
6667
6668
6669
6670
6671
6672
6673
6674
6675
6676
6677
6678
6679
6680
6681
6682
6686
6687
6688
6690
6691
6693
6694
6695
6696
6697
6698
6699
6700
6701
6702
6703
6704
6706
6707
6709
6710
6711
6712
6713
6714
6715
6716
6717
6718
6719
6720
6721
6722
6723
6724
6725
6726
6727
6728
6729
6730
6731
6732
6734
6735
6736
6737
6738
6739
6741
6742
6743
6744
6746
6747
6748
6749
6751
6752
6753
6754
6755
6756
6757
6758
6759
6760
6761
6762
6763
6764
6766
6768
6770
6771
6772
6774
6775
6777
6778
6779
6781
6782
6783
6784
6785
6786
6788
6789
6790
6791
6793
6794
6797
6800
6801
6802
6803
6804
6805
6806
6807
6808
6809
6810
6811
6812
6814
6816
6817
6818
6819
6820
6822
6823
6824
6825
6826
6827
6828
6829
6830
6831
6833
6834
6835
6836
6837
6839
6841
6842
6843
6844
6845
6846
6847
6848
6849
6850
6851
6852
6853
6855
6856
6857
6858
6859
6860
6861
6862
6863
6864
6865
6866
6867
6868
6869
6870
6871
6872
6873
6874
6875
6876
6879
6881
6882
6883
6884
6885
6887
6888
6890
6892
6893
6894
6896
6897
6898
6903
6904
6906
6907
6908
6909
6910
6911
6912
6913
6914
6916
6918
6919
6920
6921
6923
6926
6927
6929
6930
6931
6932
6933
6934
6935
6936
6938
6939
6940
6941
6942
6943
6944
6945
6946
6948
6950
6952
6953
6954
6955
6956
6957
6958
6959
6960
6961
6962
6963
6964
6965
6966
6970
6971
6972
6973
6974
6975
6978
6979
6980
6981
6983
6984
6985
6986
6987
6988
6989
6990
6994
6995
6997
6998
6999
7000
7001
7003
7004
7005
7006
7007
7008
7009
7010
7011
7012
7013
7016
7017
7018
7019
7020
7021
7023
7025
7026
7027
7028
7029
7030
7031
7032
7034
7035
7036
7037
7038
7039
7040
7042
7043
7044
7045
7046
7047
7048
7051
7052
7053
7054
7055
7056
7057
7058
7059
7060
7061
7062
7063
7064
7065
7067
7068
7069
7070
7071
7072
7073
7074
7075
7076
7077
7078
7079
7080
7081
7082
7083
7084
7086
7088
7090
7091
7092
7093
7095
7097
7098
7099
7100
7101
7102
7103
7104
7106
7107
7109
7110
7111
7113
7114
7115
7116
7117
7118
7120
7121
7122
7123
7124
7125
7126
7127
7128
7129
7130
7131
7132
7133
7134
7136
7138
7139
7140
7141
7143
7144
7146
7147
7148
7149
7150
7153
7154
7155
7156
7157
7158
7160
7161
7163
7164
7165
7167
7169
7170
7171
7172
7173
7174
7175
7177
7178
7179
7180
7181
7182
7183
7184
7185
7186
7188
7189
7191
7192
7194
7195
7197
7198
7199
7202
7203
7204
7205
7206
7207
7208
7209
7211
7213
7214
7215
7216
7217
7218
7219
7220
7221
7222
7223
7224
7225
7228
7229
7230
7231
7232
7233
7234
7235
7237
7238
7239
7240
7241
7243
7244
7245
7247
7248
7249
7251
7253
7254
7255
7256
7257
7258
7259
7260
7261
7262
7263
7264
7265
7266
7267
7268
7269
7273
7274
7276
7277
7278
7280
7281
7282
7283
7284
7285
7286
7287
7289
7290
7291
7292
7293
7294
7295
7296
7298
7299
7300
7302
7303
7304
7305
7306
7309
7310
7311
7313
7314
7315
7317
7318
7319
7320
7321
7322
7324
7325
7326
7329
7330
7332
7333
7334
7335
7336
7337
7339
7343
7346
7347
7348
7349
7350
7351
7352
7353
7354
7355
7356
7357
7358
7359
7361
7362
7363
7365
7366
7367
7368
7370
7371
7372
7373
7374
7375
7377
7378
7379
7381
7384
7386
7387
7389
7390
7391
7392
7393
7394
7395
7396
7397
7398
7399
7400
7401
7403
7405
7406
7407
7408
7409
7410
7411
7412
7414
7415
7416
7417
7419
7421
7422
7423
7424
7425
7426
7427
7429
7430
7432
7433
7434
7435
7436
7437
7438
7439
7440
7441
7442
7443
7445
7446
7449
7450
7452
7453
7455
7456
7457
7458
7459
7460
7461
7462
7464
7465
7467
7468
7469
7470
7471
7472
7473
7474
7475
7477
7479
7482
7483
7486
7487
7490
7492
7493
7494
7495
7497
7498
7499
7501
7502
7503
7504
7505
7507
7508
7509
7510
7511
7512
7513
7514
7515
7516
7518
7519
7521
7522
7523
7524
7525
7526
7527
7528
7529
7530
7532
7533
7534
7535
7536
7537
7538
7541
7542
7544
7545
7546
7548
7549
7550
7551
7553
7554
7555
7556
7557
7560
7561
7562
7563
7564
7565
7566
7567
7568
7570
7571
7572
7573
7575
7578
7580
7581
7582
7583
7584
7585
7586
7587
7588
7589
7590
7591
7592
7593
7594
7596
7597
7598
7599
7600
7601
7602
7603
7604
7605
7607
7608
7609
7610
7611
7612
7613
7614
7615
7616
7617
7618
7619
7620
7622
7623
7624
7625
7626
7628
7630
7631
7632
7633
7634
7635
7636
7637
7638
7640
7641
7643
7644
7645
7646
7647
7649
