1
3
5
6
9
10
11
12
16
19
20
21
23
24
25
27
29
30
31
33
34
36
37
38
39
40
42
44
46
48
49
50
53
54
55
58
60
65
68
69
70
71
73
75
80
81
83
84
86
87
89
90
94
96
97
99
101
103
105
106
109
110
112
113
116
117
119
121
122
125
126
128
129
131
132
138
139
140
141
142
145
148
150
152
153
155
156
158
160
161
162
163
166
168
170
172
174
175
178
179
181
182
183
184
185
187
188
189
191
192
194
195
196
198
199
200
201
203
204
207
208
211
213
215
216
217
218
219
220
221
222
223
224
226
227
228
233
235
236
237
238
240
241
243
244
250
251
254
255
259
260
261
264
265
266
267
268
270
271
272
274
275
276
279
280
281
282
287
288
290
293
294
295
296
297
298
300
303
305
306
308
309
313
315
318
320
322
324
327
328
333
334
335
336
337
338
340
341
342
344
346
348
350
352
353
354
355
358
359
362
363
364
366
367
369
371
372
373
374
375
376
377
378
379
381
383
384
386
388
389
390
391
392
394
397
398
399
400
401
403
405
408
410
411
413
416
418
419
421
424
428
430
431
432
433
434
438
440
441
444
445
446
449
450
451
452
453
454
455
457
459
460
461
462
463
464
466
470
471
474
476
477
478
479
481
483
484
485
486
488
489
490
492
495
496
499
502
503
504
506
507
509
510
512
513
514
515
516
517
518
520
521
522
523
529
530
531
533
534
541
543
545
547
548
549
550
555
556
558
559
562
563
564
566
567
568
569
575
576
579
580
581
584
586
588
589
590
591
592
593
594
595
598
599
602
604
605
606
610
614
618
619
625
630
632
634
636
638
639
640
642
643
646
649
651
652
653
655
657
658
661
663
664
666
667
668
670
671
672
673
674
677
680
681
683
685
687
688
690
691
694
695
696
697
698
700
701
703
705
707
711
713
714
715
717
718
720
723
724
726
727
728
729
731
732
733
734
735
736
738
742
744
745
747
749
750
751
753
755
758
759
765
766
767
768
769
770
771
773
774
776
777
778
780
782
784
785
786
787
788
789
791
799
800
801
803
804
805
806
807
810
812
815
816
817
818
823
825
826
829
831
833
834
836
839
842
843
844
845
848
849
850
851
854
856
861
863
865
866
867
869
870
871
872
873
876
878
879
880
882
883
884
886
887
888
889
891
892
893
896
897
899
900
901
905
907
908
909
910
914
915
916
917
918
922
924
925
926
929
931
932
933
935
936
937
938
941
949
950
952
953
954
957
959
960
963
965
966
967
968
969
970
972
973
977
978
979
980
981
983
985
988
990
991
992
995
996
998
999
1000
1001
1002
1003
1004
1006
1007
1008
1009
1010
1012
1016
1018
1020
1022
1026
1027
1028
1030
1031
1032
1033
1034
1037
1039
1041
1044
1045
1046
1048
1049
1051
1052
1053
1055
1057
1059
1060
1061
1062
1063
1064
1065
1067
1068
1069
1070
1072
1073
1075
1077
1078
1079
1082
1083
1084
1085
1086
1087
1088
1091
1092
1094
1095
1099
1100
1101
1104
1107
1108
1115
1117
1119
1120
1121
1122
1123
1129
1131
1132
1134
1135
1136
1142
1144
1146
1147
1148
1149
1150
1154
1155
1157
1158
1159
1161
1162
1163
1164
1165
1166
1167
1169
1170
1171
1172
1173
1178
1179
1180
1182
1183
1184
1185
1186
1188
1189
1192
1193
1194
1196
1197
1199
1200
1203
1204
1205
1206
1208
1209
1210
1214
1215
1221
1222
1224
1226
1227
1229
1230
1232
1233
1235
1238
1240
1241
1242
1243
1244
1246
1247
1250
1254
1255
1257
1258
1263
1264
1265
1266
1267
1268
1271
1273
1274
1276
1277
1278
1280
1282
1285
1286
1287
1288
1289
1290
1291
1292
1293
1296
1298
1300
1301
1303
1304
1305
1306
1307
1308
1309
1310
1311
1312
1313
1315
1316
1319
1322
1323
1325
1326
1327
1330
1332
1336
1338
1340
1341
1345
1348
1349
1351
1352
1353
1355
1356
1357
1358
1359
1360
1366
1367
1368
1373
1374
1375
1378
1381
1385
1388
1389
1391
1392
1396
1398
1399
1400
1403
1405
1407
1409
1413
1414
1416
1417
1418
1419
1420
1423
1426
1427
1429
1430
1432
1433
1434
1436
1437
1438
1440
1442
1443
1444
1446
1451
1454
1455
1456
1457
1458
1459
1461
1462
1463
1465
1467
1468
1469
1470
1472
1474
1479
1480
1482
1483
1485
1487
1488
1489
1490
1494
1495
1496
1497
1498
1499
1502
1503
1504
1507
1508
1509
1511
1512
1514
1515
1516
1517
1519
1521
1522
1525
1528
1530
1531
1532
1533
1534
1535
1536
1538
1539
1540
1544
1546
1550
1553
1554
1555
1556
1557
1558
1560
1563
1564
1565
1566
1569
1570
1571
1573
1574
1575
1576
1578
1582
1584
1587
1588
1589
1590
1592
1593
1594
1596
1597
1598
1600
1602
1603
1604
1606
1607
1608
1611
1613
1614
1615
1616
1617
1618
1620
1621
1625
1626
1627
1628
1629
1630
1631
1639
1640
1641
1642
1643
1644
1646
1647
1648
1649
1652
1653
1654
1658
1661
1663
1666
1669
1670
1674
1675
1676
1677
1678
1679
1682
1687
1689
1693
1694
1695
1696
1698
1699
1700
1701
1702
1703
1707
1708
1709
1710
1711
1713
1715
1717
1719
1720
1721
1722
1724
1725
1726
1728
1732
1734
1735
1737
1738
1740
1741
1742
1744
1746
1749
1750
1751
1752
1753
1754
1755
1756
1757
1758
1761
1763
1765
1768
1769
1770
1771
1772
1773
1774
1775
1777
1778
1780
1781
1782
1784
1785
1786
1788
1789
1791
1792
1794
1795
1797
1798
1801
1802
1804
1806
1809
1810
1812
1813
1814
1815
1816
1819
1822
1823
1824
1826
1828
1829
1831
1832
1833
1834
1835
1836
1839
1842
1844
1847
1848
1849
1850
1851
1852
1854
1856
1858
1861
1862
1863
1864
1865
1866
1870
1871
1872
1873
1875
1877
1880
1882
1883
1885
1886
1889
1890
1892
1893
1894
1897
1900
1901
1902
1906
1907
1908
1909
1910
1911
1912
1913
1914
1915
1916
1918
1919
1921
1922
1924
1925
1926
1927
1929
1930
1932
1933
1934
1935
1938
1939
1941
1943
1946
1947
1951
1952
1957
1959
1960
1964
1965
1967
1968
1969
1973
1974
1975
1976
1977
1978
1979
1980
1981
1982
1983
1984
1986
1987
1988
1989
1990
1991
1992
1993
1998
1999
2000
2001
2003
2007
2009
2010
2011
2012
2014
2016
2018
2019
2021
2022
2024
2025
2026
2028
2030
2032
2033
2034
2039
2040
2041
2042
2045
2047
2049
2050
2051
2052
2053
2055
2056
2057
2058
2059
2060
2061
2062
2065
2066
2067
2068
2072
2073
2074
2076
2079
2083
2084
2085
2086
2087
2091
2095
2096
2099
2104
2105
2112
2114
2115
2118
2119
2121
2123
2125
2127
2128
2129
2130
2131
2132
2135
2136
2139
2141
2142
2143
2146
2147
2150
2152
2153
2156
2158
2159
2161
2162
2163
2165
2168
2169
2171
2173
2174
2176
2177
2178
2181
2182
2183
2184
2185
2186
2188
2191
2192
2193
2194
2195
2196
2197
2198
2200
2201
2202
2204
2205
2206
2207
2210
2211
2212
2213
2214
2217
2219
2221
2223
2225
2226
2227
2228
2229
2232
2237
2239
2240
2241
2242
2244
2245
2246
2248
2249
2250
2251
2252
2253
2255
2256
2257
2260
2262
2264
2265
2266
2268
2269
2270
2273
2274
2276
2279
2280
2281
2282
2284
2286
2287
2288
2291
2292
2293
2296
2297
2299
2300
2303
2304
2306
2307
2308
2309
2311
2312
2314
2317
2318
2319
2321
2322
2324
2325
2327
2329
2330
2331
2332
2333
2334
2335
2337
2338
2340
2341
2342
2346
2347
2348
2349
2351
2353
2355
2356
2357
2359
2360
2361
2362
2364
2365
2366
2367
2372
2374
2375
2376
2379
2381
2382
2386
2389
2390
2392
2393
2394
2395
2396
2397
2399
2400
2405
2406
2407
2408
2409
2410
2411
2412
2414
2415
2418
2420
2421
2423
2424
2426
2427
2431
2433
2434
2435
2436
2437
2438
2441
2444
2446
2449
2453
2459
2460
2461
2462
2463
2464
2465
2467
2468
2471
2475
2476
2478
2480
2481
2482
2484
2486
2487
2488
2489
2490
2492
2493
2494
2497
2498
2499
2500
2501
2502
2503
2504
2505
2506
2507
2508
2510
2511
2513
2514
2515
2518
2519
2520
2523
2524
2528
2531
2532
2534
2536
2538
2539
2541
2542
2543
2544
2545
2546
2547
2548
2549
2550
2556
2557
2558
2559
2560
2561
2564
2565
2566
2567
2568
2569
2570
2571
2572
2573
2574
2575
2576
2577
2578
2583
2584
2587
2588
2589
2591
2592
2593
2594
2595
2597
2598
2600
2601
2602
2603
2604
2606
2607
2608
2609
2610
2611
2612
2613
2615
2616
2618
2619
2620
2621
2624
2625
2627
2631
2632
2633
2634
2636
2637
2638
2640
2641
2643
2645
2646
2648
2649
2650
2651
2653
2654
2655
2656
2658
2659
2660
2664
2665
2666
2669
2670
2671
2672
2675
2676
2677
2678
2679
2684
2685
2686
2687
2692
2694
2696
2697
2698
2699
2700
2703
2705
2707
2712
2713
2714
2715
2716
2717
2719
2720
2722
2724
2725
2728
2729
2734
2735
2736
2737
2739
2740
2741
2742
2743
2744
2746
2749
2750
2751
2752
2753
2755
2756
2758
2759
2760
2761
2762
2763
2764
2767
2768
2769
2770
2771
2773
2774
2775
2776
2778
2779
2780
2782
2785
2786
2790
2793
2796
2798
2799
2800
2801
2802
2803
2804
2805
2807
2809
2810
2811
2813
2816
2818
2819
2820
2822
2823
2826
2827
2831
2832
2835
2837
2838
2841
2843
2846
2847
2848
2850
2853
2854
2855
2856
2857
2859
2860
2862
2865
2866
2872
2874
2875
2876
2882
2886
2887
2888
2889
2890
2893
2894
2896
2898
2899
2900
2901
2903
2904
2905
2906
2908
2910
2911
2913
2915
2917
2918
2922
2923
2924
2927
2930
2931
2932
2933
2935
2936
2938
2940
2941
2942
2945
2946
2949
2950
2951
2952
2954
2957
2961
2962
2964
2965
2966
2967
2970
2973
2975
2976
2978
2980
2982
2983
2985
2988
2989
2991
2993
2994
2997
3001
3002
3004
3005
3006
3007
3008
3009
3011
3013
3014
3015
3016
3017
3020
3021
3022
3024
3025
3029
3030
3033
3034
3035
3041
3042
3046
3047
3053
3054
3055
3056
3057
3058
3060
3061
3063
3064
3066
3067
3068
3073
3075
3077
3078
3079
3080
3082
3083
3084
3085
3087
3088
3089
3090
3091
3092
3093
3094
3100
3101
3103
3104
3107
3110
3111
3112
3113
3115
3116
3120
3121
3122
3123
3124
3125
3129
3130
3131
3132
3133
3135
3136
3137
3138
3139
3140
3141
3143
3144
3145
3148
3149
3151
3153
3157
3158
3159
3160
3161
3162
3163
3167
3168
3169
3170
3171
3172
3176
3177
3179
3181
3182
3183
3185
3187
3188
3190
3192
3193
3195
3197
3198
3199
3201
3202
3203
3204
3206
3207
3209
3212
3213
3214
3216
3217
3218
3220
3221
3223
3226
3227
3229
3232
3233
3234
3235
3237
3238
3240
3241
3242
3244
3246
3247
3248
3249
3250
3251
3254
3256
3258
3259
3261
3262
3263
3264
3266
3270
3271
3272
3275
3280
3282
3283
3284
3289
3290
3296
3297
3299
3300
3301
3302
3305
3306
3307
3308
3309
3310
3314
3316
3318
3320
3327
3329
3330
3332
3335
3336
3337
3338
3340
3341
3342
3344
3349
3350
3351
3353
3354
3356
3359
3360
3363
3364
3365
3366
3367
3368
3369
3370
3371
3372
3375
3376
3377
3381
3382
3383
3384
3385
3386
3389
3390
3391
3392
3393
3394
3396
3397
3398
3399
3400
3401
3402
3404
3405
3407
3408
3409
3411
3412
3413
3414
3416
3417
3419
3421
3422
3423
3428
3429
3430
3431
3433
3435
3438
3440
3442
3444
3445
3448
3449
3451
3452
3454
3456
3457
3458
3459
3460
3462
3464
3465
3466
3467
3469
3470
3471
3473
3474
3477
3478
3479
3480
3481
3482
3483
3484
3490
3491
3492
3493
3496
3499
3500
3504
3506
3507
3508
3509
3510
3511
3514
3515
3516
3517
3519
3520
3522
3526
3527
3528
3529
3531
3534
3535
3539
3540
3541
3542
3543
3544
3546
3547
3549
3550
3552
3555
3556
3559
3560
3561
3564
3565
3567
3568
3570
3571
3572
3573
3574
3575
3576
3577
3578
3579
3580
3581
3582
3583
3584
3586
3587
3589
3590
3591
3592
3593
3594
3596
3598
3599
3600
3601
3602
3603
3604
3605
3606
3607
3608
3609
3610
3611
3615
3616
3617
3618
3619
3621
3623
3624
3625
3627
3629
3630
3631
3634
3636
3637
3638
3640
3641
3642
3643
3644
3646
3649
3651
3652
3655
3656
3658
3659
3660
3661
3662
3663
3664
3665
3666
3668
3669
3670
3671
3675
3682
3683
3685
3687
3689
3691
3693
3694
3696
3698
3699
3700
3701
3702
3703
3706
3707
3709
3710
3714
3717
3721
3724
3725
3727
3728
3729
3730
3733
3734
3735
3738
3739
3741
3742
3743
3744
3745
3747
3748
3750
3752
3753
3754
3755
3759
3760
3761
3764
3765
3766
3767
3768
3770
3771
3772
3773
3775
3776
3777
3778
3779
3781
3784
3786
3787
3789
3790
3792
3797
3798
3799
3800
3801
3802
3804
3806
3807
3808
3809
3811
3812
3813
3814
3816
3817
3818
3820
3821
3822
3826
3828
3829
3830
3832
3833
3834
3835
3836
3837
3839
3843
3844
3845
3846
3848
3850
3853
3854
3856
3857
3859
3861
3862
3864
3865
3866
3869
3871
3872
3874
3877
3879
3881
3882
3883
3885
3887
3889
3890
3891
3892
3893
3895
3897
3898
3899
3903
3904
3905
3906
3908
3909
3910
3911
3916
3917
3918
3919
3920
3922
3928
3934
3937
3938
3939
3942
3943
3944
3945
3946
3949
3950
3951
3952
3953
3954
3959
3960
3963
3965
3967
3972
3975
3976
3978
3979
3980
3981
3983
3984
3985
3986
3987
3988
3990
3992
3993
3994
3995
3996
3997
3998
3999
4001
4002
4004
4005
4007
4013
4014
4015
4016
4019
4021
4025
4026
4027
4028
4033
4034
4036
4039
4040
4041
4045
4046
4047
4048
4049
4050
4051
4053
4059
4062
4064
4069
4070
4071
4072
4073
4074
4077
4079
4080
4082
4083
4084
4085
4088
4089
4090
4093
4094
4095
4096
4097
4098
4099
4100
4101
4102
4104
4105
4107
4108
4109
4110
4112
4113
4115
4117
4118
4119
4120
4122
4123
4124
4127
4129
4130
4132
4134
4137
4138
4140
4142
4143
4144
4145
4147
4149
4150
4151
4152
4155
4157
4163
4164
4166
4168
4170
4171
4172
4173
4174
4176
4177
4178
4180
4181
4183
4184
4186
4187
4188
4189
4191
4192
4194
4196
4197
4198
4199
4200
4201
4202
4203
4205
4206
4209
4210
4211
4212
4213
4214
4216
4217
4219
4221
4222
4228
4231
4233
4234
4235
4238
4240
4243
4245
4246
4247
4248
4249
4250
4251
4252
4253
4256
4258
4259
4261
4262
4265
4268
4271
4275
4276
4277
4280
4281
4283
4285
4286
4288
4289
4290
4291
4292
4293
4295
4296
4297
4299
4300
4301
4303
4305
4306
4307
4308
4309
4310
4312
4313
4314
4316
4317
4318
4320
4321
4322
4324
4325
4326
4327
4328
4330
4336
4337
4338
4339
4342
4343
4345
4346
4348
4349
4352
4353
4354
4355
4357
4358
4359
4360
4362
4364
4365
4366
4368
4369
4370
4371
4372
4375
4376
4379
4382
4383
4386
4388
4389
4390
4393
4395
4396
4397
4402
4404
4405
4407
4410
4412
4413
4416
4417
4418
4420
4421
4422
4425
4426
4428
4429
4432
4433
4436
4438
4439
4440
4444
4445
4446
4447
4448
4449
4450
4452
4455
4456
4457
4458
4460
4462
4466
4468
4469
4470
4472
4473
4474
4475
4476
4481
4483
4484
4489
4491
4492
4493
4495
4497
4500
4501
4504
4506
4507
4508
4509
4510
4513
4514
4515
4516
4517
4518
4519
4520
4521
4522
4523
4524
4525
4526
4527
4528
4529
4532
4533
4535
4537
4538
4539
4543
4545
4546
4548
4549
4550
4553
4555
4556
4558
4561
4566
4567
4568
4569
4570
4571
4572
4574
4576
4578
4581
4582
4583
4584
4585
4586
4588
4590
4591
4592
4593
4594
4596
4597
4598
4599
4602
4603
4604
4606
4608
4609
4610
4611
4613
4615
4617
4618
4619
4620
4621
4623
4624
4625
4627
4630
4632
4633
4635
4637
4639
4640
4641
4642
4643
4645
4646
4647
4648
4649
4650
4651
4653
4654
4656
4657
4658
4659
4660
4661
4662
4663
4664
4665
4667
4668
4669
4670
4671
4672
4673
4674
4675
4676
4680
4681
4682
4683
4685
4686
4687
4689
4690
4692
4696
4698
4699
4701
4702
4705
4709
4712
4715
4716
4717
4718
4719
4720
4725
4727
4728
4730
4731
4732
4734
4738
4740
4741
4743
4744
4745
4746
4752
4754
4757
4758
4759
4761
4763
4764
4765
4766
4767
4768
4769
4770
4772
4775
4777
4779
4780
4781
4783
4784
4786
4788
4789
4790
4791
4792
4793
4794
4797
4799
4800
4802
4804
4806
4807
4810
4811
4813
4815
4816
4817
4818
4819
4820
4821
4822
4824
4825
4826
4828
4829
4834
4835
4836
4839
4841
4842
4843
4844
4847
4848
4849
4850
4851
4853
4854
4857
4858
4860
4861
4868
4870
4871
4872
4873
4874
4876
4879
4880
4881
4883
4884
4885
4886
4887
4888
4889
4890
4891
4895
4896
4898
4899
4900
4901
4902
4903
4904
4906
4908
4909
4911
4913
4914
4916
4921
4922
4923
4926
4927
4928
4929
4930
4933
4935
4936
4937
4938
4940
4941
4942
4945
4947
4953
4955
4956
4957
4963
4966
4968
4969
4970
4971
4972
4974
4975
4978
4979
4980
4982
4983
4985
4986
4987
4989
4991
4992
4993
4994
4996
4997
4999
5000
5001
5002
5004
5006
5007
5010
5011
5014
5015
5016
5022
5024
5028
5029
5032
5033
5034
5035
5037
5038
5039
5040
5042
5044
5045
5046
5047
5048
5049
5050
5051
5053
5055
5056
5057
5058
5060
5061
5065
5067
5068
5069
5070
5072
5081
5082
5083
5085
5087
5088
5090
5091
5093
5094
5096
5097
5098
5099
5100
5101
5102
5103
5107
5108
5109
5110
5112
5115
5117
5118
5119
5120
5122
5124
5126
5127
5132
5134
5135
5137
5140
5143
5147
5150
5152
5153
5156
5159
5160
5162
5165
5166
5168
5169
5170
5171
5172
5173
5175
5176
5177
5180
5181
5183
5184
5185
5187
5188
5189
5192
5193
5194
5195
5196
5197
5198
5202
5204
5206
5207
5208
5209
5212
5213
5214
5215
5216
5217
5218
5220
5222
5223
5224
5226
5228
5233
5234
5236
5238
5240
5242
5243
5244
5245
5246
5247
5249
5250
5251
5253
5254
5255
5256
5258
5261
5262
5264
5265
5267
5269
5270
5271
5272
5273
5274
5275
5276
5278
5282
5284
5285
5286
5287
5290
5291
5292
5293
5296
5297
5298
5300
5301
5303
5304
5305
5306
5308
5309
5310
5312
5317
5319
5320
5321
5323
5324
5329
5330
5331
5332
5333
5334
5337
5339
5341
5343
5345
5346
5347
5349
5352
5355
5356
5357
5360
5361
5362
5365
5366
5367
5368
5371
5372
5373
5374
5376
5377
5379
5381
5382
5383
5384
5385
5394
5395
5396
5397
5398
5399
5401
5402
5403
5406
5408
5409
5412
5413
5414
5416
5417
5418
5420
5421
5422
5423
5426
5429
5430
5431
5432
5433
5434
5435
5438
5440
5441
5443
5444
5445
5446
5448
5450
5452
5453
5455
5456
5458
5459
5462
5464
5465
5466
5467
5468
5469
5470
5471
5472
5474
5475
5477
5479
5483
5484
5486
5487
5488
5490
5491
5492
5494
5495
5498
5503
5504
5505
5506
5507
5508
5509
5510
5512
5514
5517
5518
5520
5523
5526
5527
5528
5531
5532
5535
5537
5538
5540
5543
5544
5545
5548
5549
5550
5551
5552
5556
5559
5560
5562
5564
5565
5566
5567
5568
5570
5571
5574
5578
5579
5580
5582
5583
5584
5586
5588
5589
5591
5594
5598
5600
5602
5603
5606
5607
5608
5609
5610
5612
5614
5617
5618
5620
5622
5623
5624
5625
5626
5631
5632
5634
5637
5640
5641
5642
5644
5645
5647
5649
5650
5651
5653
5654
5655
5657
5658
5659
5661
5662
5665
5667
5668
5669
5670
5671
5672
5673
5675
5679
5680
5683
5684
5685
5687
5688
5694
5695
5696
5697
5699
5704
5706
5709
5710
5711
5712
5713
5714
5716
5717
5718
5719
5721
5722
5723
5725
5726
5727
5728
5729
5738
5740
5741
5745
5748
5749
5751
5752
5754
5756
5757
5758
5759
5760
5762
5763
5764
5765
5766
5767
5768
5770
5771
5773
5775
5778
5779
5780
5782
5783
5787
5788
5789
5790
5792
5793
5794
5795
5796
5797
5799
5800
5801
5802
5804
5805
5806
5807
5809
5810
5812
5814
5817
5818
5819
5822
5823
5824
5826
5827
5828
5829
5830
5832
5833
5834
5835
5836
5837
5838
5839
5840
5841
5842
5843
5846
5849
5850
5851
5852
5853
5854
5855
5857
5859
5860
5862
5864
5865
5866
5867
5868
5870
5871
5872
5873
5874
5875
5877
5878
5879
5880
5883
5885
5887
5888
5890
5891
5893
5894
5897
5898
5900
5901
5903
5904
5906
5907
5908
5909
5910
5911
5913
5914
5917
5918
5921
5922
5923
5924
5928
5929
5931
5934
5938
5939
5940
5941
5942
5943
5945
5946
5948
5950
5951
5953
5954
5956
5957
5962
5963
5965
5967
5968
5972
5973
5974
5977
5978
5979
5985
5989
5993
5994
5995
5996
5997
5998
5999
6003
6004
6006
6007
6009
6010
6011
6014
6015
6016
6017
6018
6019
6021
6023
6024
6026
6027
6028
6029
6030
6031
6032
6034
6035
6037
6039
6040
6041
6044
6045
6049
6050
6051
6052
6056
6058
6062
6063
6065
6068
6069
6070
6075
6076
6077
6080
6081
6082
6083
6085
6091
6092
6093
6094
6095
6096
6099
6102
6107
6109
6110
6115
6116
6118
6119
6122
6123
6124
6125
6129
6130
6131
6132
6136
6137
6138
6139
6140
6141
6142
6143
6144
6147
6150
6151
6152
6155
6157
6159
6160
6161
6164
6165
6167
6168
6169
6170
6171
6172
6177
6178
6180
6185
6186
6188
6189
6190
6192
6193
6194
6195
6196
6197
6199
6202
6206
6207
6211
6212
6214
6215
6216
6218
6219
6220
6221
6222
6224
6226
6228
6230
6232
6233
6238
6239
6242
6243
6246
6247
6249
6250
6251
6252
6256
6257
6260
6261
6263
6264
6265
6269
6270
6271
6272
6273
6274
6275
6276
6280
6282
6283
6284
6286
6287
6288
6290
6292
6293
6294
6296
6298
6301
6303
6304
6305
6306
6307
6308
6310
6311
6315
6319
6322
6324
6326
6327
6329
6331
6332
6334
6335
6336
6337
6338
6339
6340
6341
6342
6348
6349
6350
6351
6352
6354
6357
6358
6359
6360
6362
6363
6365
6367
6372
6374
6375
6376
6379
6380
6381
6385
6386
6387
6388
6390
6393
6394
6395
6396
6399
6400
6403
6406
6407
6408
6409
6410
6411
6412
6413
6414
6415
6416
6417
6418
6419
6420
6421
6422
6424
6425
6426
6427
6428
6429
6430
6431
6432
6433
6434
6435
6438
6439
6441
6442
6443
6444
6445
6446
6448
6449
6450
6451
6454
6455
6459
6463
6465
6467
6468
6471
6472
6473
6474
6475
6476
6477
6482
6484
6489
6494
6495
6497
6499
6501
6502
6503
6504
6505
6506
6508
6513
6514
6515
6516
6517
6518
6522
6524
6526
6528
6529
6530
6531
6532
6535
6539
6540
6543
6544
6545
6546
6547
6548
6551
6552
6553
6554
6555
6557
6560
6562
6563
6566
6569
6570
6571
6572
6574
6575
6576
6577
6579
6580
6581
6582
6584
6586
6587
6588
6589
6590
6593
6597
6599
6600
6601
6602
6603
6605
6606
6607
6608
6610
6611
6612
6613
6616
6618
6620
6621
6622
6623
6626
6628
6629
6633
6635
6636
6637
6640
6641
6642
6644
6648
6649
6652
6654
6656
6657
6659
6660
6662
6666
6668
6670
6671
6672
6673
6677
6678
6680
6682
6683
6684
6687
6688
6689
6690
6692
6694
6695
6698
6701
6702
6705
6709
6710
6712
6715
6716
6719
6720
6722
6723
6724
6726
6728
6729
6731
6733
6735
6736
6737
6738
6739
6740
6746
6747
6749
6750
6753
6755
6757
6759
6760
6761
6763
6764
6765
6766
6767
6769
6771
6772
6773
6775
6776
6777
6778
6780
6782
6783
6784
6785
6786
6787
6788
6790
6791
6795
6796
6797
6798
6800
6801
6802
6804
6806
6807
6810
6811
6814
6815
6816
6817
6819
6820
6821
6823
6825
6826
6827
6828
6830
6835
6836
6837
6841
6842
6843
6844
6846
6847
6848
6849
6850
6854
6855
6856
6858
6859
6860
6862
6864
6867
6868
6872
6878
6884
6886
6887
6889
6890
6891
6892
6893
6895
6896
6897
6898
6899
6900
6901
6902
6903
6905
6906
6907
6908
6911
6912
6915
6916
6917
6918
6919
6920
6921
6922
6923
6925
6928
6929
6930
6931
6932
6933
6935
6936
6937
6939
6940
6942
6944
6945
6947
6948
6949
6950
6951
6954
6955
6956
6957
6958
6959
6964
6965
6970
6972
6973
6979
6980
6981
6983
6984
6987
6988
6989
6991
6995
6997
6999
7000
7001
7003
7005
7006
7007
7008
7009
7010
7011
7014
7015
7016
7017
7019
7020
7022
7023
7024
7025
7026
7027
7028
7032
7033
7036
7037
7038
7039
7040
7041
7043
7044
7046
7047
7048
7049
7050
7051
7052
7053
7054
7055
7056
7057
7061
7062
7065
7067
7068
7070
7071
7072
7074
7075
7077
7079
7080
7081
7082
7084
7085
7087
7088
7089
7090
7091
7093
7094
7095
7096
7097
7100
7101
7102
7103
7104
7105
7106
7107
7109
7110
7111
7113
7116
7119
7121
7124
7127
7128
7129
7130
7132
7135
7137
7138
7139
7140
7141
7142
7143
7145
7146
7147
7149
7150
7152
7153
7156
7162
7163
7164
7166
7167
7168
7169
7171
7172
7174
7175
7176
7178
7179
7180
7182
7183
7184
7188
7189
7190
7191
7194
7195
7201
7202
7203
7205
7208
7210
7211
7212
7213
7214
7216
7218
7222
7223
7224
7225
7231
7232
7233
7235
7236
7237
7238
7239
7241
7242
7244
7247
7248
7250
7251
7254
7256
7257
7258
7260
7261
7265
7267
7268
7269
7272
7273
7274
7277
7278
7279
7281
7283
7284
7287
7288
7292
7294
7295
7296
7298
7301
7306
7307
7309
7311
7312
7314
7315
7317
7319
7320
7321
7322
7323
7324
7325
7326
7327
7331
7332
7336
7338
7340
7341
7342
7343
7345
7346
7347
7350
7352
7353
7354
7356
7358
7360
7363
7364
7365
7367
7368
7370
7371
7373
7374
7375
7376
7377
7378
7383
7385
7386
7387
7390
7391
7394
7397
7401
7402
7404
7405
7406
7407
7408
7409
7410
7411
7412
7414
7417
7418
7423
7430
7432
7433
7434
7435
7436
7437
7439
7440
7441
7444
7445
7446
7447
7448
7450
7451
7453
7456
7458
7462
7464
7465
7466
7467
7468
7470
7472
7473
7474
7475
7477
7478
7479
7480
7481
7482
7483
7485
7488
7489
7491
7492
7494
7495
7496
7498
7499
7500
7506
7507
7508
7509
7511
7513
7515
7516
7517
7518
7519
7520
7521
7525
7528
7530
7531
7532
7533
7534
7536
7538
7539
7543
7544
7547
7548
7550
7551
7552
7553
7554
7555
7556
7558
7559
7560
7561
7563
7566
7567
7568
7569
7570
7572
7573
7577
7578
7579
7580
7581
7584
7585
7586
7587
7588
7589
7590
7591
7592
7593
7594
7595
7596
7597
7598
7600
7601
7603
7604
7607
7608
7609
7613
7614
7615
7616
7617
7619
7620
7621
7622
7623
7624
7626
7627
7628
7630
7631
7632
7637
7638
7639
7640
7643
7644
7645
7647
7649
7651
7652
7654
7655
7657
7658
7659
7661
7662
7663
7664
7667
7668
7669
7673
7674
7676
7677
7678
7680
7685
7687
7688
7692
7693
7694
7695
7696
7697
7698
7699
7702
7703
7705
7707
7709
7710
7713
7714
7715
7716
7717
7718
7720
7723
7724
7725
7726
7729
7730
7732
7734
7737
7741
7746
7749
7754
7755
7758
7759
7761
7762
7763
7764
7765
7768
7769
7770
7771
7772
7773
7776
7777
7779
7780
7781
7782
7783
7786
7790
7791
7792
7794
7798
7800
7802
7803
7805
7806
7809
7812
7814
7816
7817
7819
7820
7821
7823
7824
7826
7830
7831
7832
7834
7835
7836
7839
7841
7844
7845
7848
7850
7851
7852
7853
7854
7856
7857
7858
7859
7861
7863
7867
7869
7870
7874
7877
7878
7882
7883
7884
7885
7886
7887
7888
7889
7893
7894
7895
7896
7897
7900
7901
7902
7903
7904
7906
7907
7908
7910
7911
7913
7914
7916
7918
7920
7923
7924
7927
7928
7931
7932
7933
7934
7935
7937
7939
7940
7941
7942
7943
7948
7949
7951
7953
7954
7955
7957
7960
7963
7964
7966
7968
7976
7977
7980
7983
7984
7985
7988
7989
7990
7993
7995
7996
7997
7998
8001
8003
8004
8005
8012
8013
8014
8015
8016
8020
8021
8022
8024
8025
8028
8029
8030
8031
8032
8033
8040
8042
8044
8045
8047
8049
8050
8051
8054
8055
8056
8057
8058
8059
8060
8061
8062
8063
8064
8065
8067
8069
8070
8071
8073
8074
8076
8077
8078
8080
8081
8082
8086
8088
8089
8090
8091
8093
8094
8095
8097
8099
8100
8101
8102
8103
8105
8106
8107
8108
8109
8111
8113
8115
8116
8118
8119
8123
8124
8125
8128
8129
8132
8133
8135
8136
8142
8143
8144
8146
8151
8152
8153
8154
8156
8157
8160
8161
8163
8165
8166
8167
8168
8173
8174
8177
8178
8179
8181
8183
8186
8187
8189
8190
8191
8195
8196
8197
8198
8200
8204
8206
8207
8208
8210
8211
8212
8213
8217
8220
8221
8222
8223
8224
8226
8229
8231
8232
8234
8235
8237
8238
8239
8240
8242
8244
8246
8249
8252
8253
8254
8255
8257
8258
8259
8260
8261
8264
8265
8266
8267
8270
8273
8274
8276
8277
8278
8282
8283
8284
8285
8286
8287
8289
8290
8291
8292
8294
8299
8300
8301
8302
8303
8305
8306
8308
8309
8312
8314
8315
8316
8320
8321
8323
8324
8325
8327
8329
8332
8334
8335
8336
8337
8338
8340
8341
8342
8343
8344
8345
8346
8348
8351
8352
8353
8356
8358
8360
8363
8365
8366
8367
8369
8372
8374
8375
8377
8378
8380
8381
8384
8385
8387
8395
8397
8398
8399
8400
8401
8405
8406
8409
8410
8417
8418
8419
8420
8421
8422
8424
8427
8428
8429
8430
8431
8433
8434
8435
8437
8438
8440
8442
8445
8446
8447
8448
8450
8452
8453
8454
8456
8458
8459
8461
8462
8463
8464
8467
8469
8472
8473
8474
8477
8479
8484
8485
8487
8488
8489
8491
8492
8493
8494
8495
8497
8499
8504
8505
8506
8507
8509
8510
8513
8515
8516
8517
8518
8519
8520
8521
8523
8524
8526
8529
8530
8531
8534
8535
8536
8537
8538
8539
8540
8541
8542
8545
8546
8547
8550
8551
8552
8554
8555
8557
8559
8561
8562
8566
8568
8569
8573
8575
8576
8578
8579
8580
8581
8585
8587
8588
8590
8591
8594
8596
8597
8599
8600
8601
8602
8604
8607
8610
8611
8613
8615
8617
8618
8619
8621
8624
8625
8626
8627
8628
8631
8632
8634
8639
8641
8643
8645
8650
8651
8652
8653
8654
8659
8661
8664
8665
8666
8670
8671
8672
8674
8675
8676
8681
8682
8684
8685
8686
8690
8694
8695
8696
8697
8698
8699
8700
8702
8703
8705
8706
8708
8710
8711
8712
8713
8714
8716
8718
8719
8720
8723
8724
8725
8726
8727
8729
8730
8731
8732
8733
8735
8736
8737
8740
8741
8743
8744
8745
8747
8748
8749
8750
8753
8754
8757
8759
8760
8761
8762
8763
8764
8765
8767
8769
8772
8774
8775
8776
8777
8778
8780
8781
8782
8784
8785
8786
8787
8789
8790
8791
8792
8793
8795
8797
8798
8799
8800
8801
8802
8803
8805
8806
8808
8809
8810
8811
8812
8813
8817
8818
8819
8820
8821
8822
8824
8826
8829
8831
8833
8835
8837
8839
8840
8841
8842
8843
8848
8849
8850
8853
8861
8863
8864
8866
8869
8870
8872
8873
8874
8879
8881
8887
8889
8890
8892
8894
8895
8896
8898
8899
8900
8902
8903
8906
8909
8910
8912
8914
8916
8918
8919
8922
8923
8925
8930
8931
8932
8934
8935
8942
8944
8945
8947
8950
8954
8956
8957
8959
8961
8962
8964
8965
8966
8967
8969
8970
8972
8974
8975
8977
8979
8982
8983
8986
8988
8990
8991
8993
8994
8995
8997
8998
8999
9000
9004
9005
9006
9008
9009
9010
9012
9014
9015
9016
9020
9021
9023
9024
9026
9028
9029
9030
9031
9032
9033
9034
9035
9036
9037
9039
9040
9041
9045
9049
9050
9052
9053
9054
9055
9057
9058
9059
9061
9062
9063
9064
9065
9066
9069
9071
9073
9074
9076
9077
9081
9084
9085
9086
9087
9088
9089
9091
9092
9093
9095
9096
9097
9098
9099
9100
9102
9103
9104
9107
9108
9109
9115
9116
9118
9121
9122
9124
9127
9129
9130
9131
9132
9133
9134
9135
9136
9139
9141
9143
9144
9145
9147
9148
9149
9151
9153
9155
9156
9159
9160
9161
9165
9166
9167
9168
9169
9170
9171
9172
9174
9175
9176
9177
9178
9179
9181
9183
9187
9188
9189
9190
9193
9194
9196
9197
9198
9199
9200
9202
9205
9206
9208
9209
9211
9217
9218
9219
9222
9223
9224
9225
9226
9227
9229
9230
9232
9234
9235
9236
9237
9240
9243
9244
9245
9246
9248
9249
9250
9251
9254
9255
9256
9258
9260
9261
9262
9263
9264
9265
9266
9267
9268
9269
9270
9273
9274
9276
9277
9279
9282
9285
9286
9288
9289
9293
9295
9296
9297
9298
9299
9300
9301
9304
9305
9306
9307
9308
9309
9310
9312
9313
9315
9317
9318
9319
9322
9323
9324
9326
9328
9330
9331
9332
9335
9340
9342
9343
9344
9345
9346
9348
9349
9352
9355
9356
9359
9362
9363
9367
9369
9370
9371
9374
9375
9376
9377
9379
9380
9381
9382
9384
9386
9387
9388
9390
9392
9393
9394
9397
9398
9399
9401
9403
9404
9405
9407
9408
9410
9411
9412
9414
9418
9419
9420
9421
9423
9425
9426
9429
9430
9433
9434
9435
9436
9439
9440
9442
9443
9445
9446
9447
9453
9455
9456
9457
9458
9459
9460
9461
9468
9469
9470
9471
9472
9473
9474
9476
9477
9478
9479
9480
9481
9482
9483
9484
9485
9486
9488
9489
9490
9491
9492
9493
9494
9495
9497
9498
9501
9505
9508
9509
9510
9511
9512
9516
9518
9521
9523
9524
9525
9527
9530
9531
9532
9533
9534
9535
9537
9538
9539
9540
9541
9545
9546
9547
9548
9550
9554
9555
9556
9557
9559
9561
9562
9563
9564
9568
9572
9575
9576
9577
9578
9582
9584
9586
9587
9588
9589
9590
9592
9593
9594
9596
9597
9598
9600
9601
9603
9607
9609
9610
9611
9612
9613
9615
9617
9618
9619
9621
9622
9623
9624
9626
9628
9629
9631
9632
9633
9635
9636
9637
9640
9642
9644
9646
9647
9648
9649
9651
9652
9653
9654
9655
9659
9660
9661
9662
9665
9666
9667
9668
9669
9671
9679
9682
9683
9686
9687
9691
9694
9695
9697
9698
9699
9700
9701
9702
9704
9705
9706
9707
9708
9714
9717
9718
9719
9720
9721
9722
9724
9725
9726
9727
9730
9731
9733
9736
9737
9738
9740
9742
9743
9744
9746
9749
9750
9752
9753
9754
9756
9757
9759
9760
9761
9762
9764
9765
9767
9769
9770
9772
9780
9782
9783
9786
9787
9788
9791
9795
9797
9799
9801
9802
9804
9805
9807
9808
9809
9811
9812
9813
9815
9816
9818
9819
9824
9826
9827
9829
9832
9833
9835
9836
9837
9839
9840
9841
9842
9843
9845
9846
9847
9848
9849
9851
9853
9854
9856
9857
9862
9863
9864
9866
9870
9871
9872
9873
9874
9875
9876
9877
9880
9881
9882
9884
9886
9887
9890
9891
9892
9893
9894
9895
9896
9897
9898
9900
9901
9902
9904
9905
9906
9907
9909
9911
9913
9914
9915
9919
9920
9921
9923
9925
9929
9931
9932
9933
9934
9936
9937
9938
9942
9943
9944
9946
9947
9948
9949
9951
9953
9954
9955
9956
9957
9959
9960
9961
9962
9963
9964
9966
9969
9970
9971
9972
9973
9975
9976
9978
9979
9980
9981
9982
9983
9985
9989
9991
9992
9994
9995
9996
9998
10000
10001
10002
10003
10004
10006
10011
10012
10015
10017
10018
10019
10020
10021
10023
10026
10028
10029
10031
10032
10034
10035
10037
10038
10039
10041
10043
10044
10047
10057
10060
10063
10064
10066
10067
10069
10070
10073
10075
10077
10079
10081
10082
10083
10084
10085
10086
10087
10088
10090
10092
10094
10096
10099
10100
10102
10103
10104
10105
10106
10108
10109
10110
10111
10113
10115
10116
10117
10118
10120
10123
10124
10125
10126
10129
10131
10133
10134
10135
10137
10138
10141
10142
10144
10145
10147
10149
10150
10151
10153
10155
10157
10158
10159
10160
10162
10164
10165
10166
10167
10169
10170
10171
10172
10175
10176
10177
10180
10181
10183
10184
10185
10189
10196
10197
10198
10200
10201
10203
10204
10205
10206
10208
10216
10217
10220
10221
10224
10225
10229
10230
10231
10232
10233
10234
10235
10236
10238
10244
10246
10247
10248
10249
10250
10251
10253
10254
10258
10259
10261
10262
10263
10264
10265
10267
10272
10273
10274
10275
10279
10280
10281
10282
10284
10287
10290
10291
10292
10293
10295
10298
10301
10302
10303
10305
10307
10308
10309
10310
10312
10313
10314
10315
10317
10318
10319
10320
10321
10322
10324
10325
10326
10328
10332
10333
10338
10339
10343
10344
10345
10346
10347
10348
10350
10351
10352
10353
10354
10355
10356
10357
10358
10360
10364
10365
10366
10367
10368
10372
10373
10376
10377
10378
10379
10381
10382
10383
10385
10388
10391
10394
10395
10396
10400
10403
10404
10405
10406
10407
10412
10415
10417
10418
10419
10420
10422
10426
10427
10431
10432
10433
10434
10435
10436
10437
10438
10439
10441
10443
10444
10445
10446
10450
10451
10454
10455
10456
10457
10459
10460
10461
10464
10466
10467
10468
10471
10472
10474
10475
10476
10482
10483
10486
10488
10489
10492
10494
10495
10496
10497
10500
10502
10503
10507
10508
10510
10513
10514
10515
10516
10517
10518
10519
10521
10525
10526
10527
10528
10531
10532
10534
10535
10537
10538
10542
10543
10544
10545
10546
10547
10548
10550
10551
10553
10554
10555
10556
10557
10559
10562
10563
10564
10566
10567
10568
10571
10573
10574
10575
10576
10577
10578
10581
10583
10584
10585
10586
10588
10591
10594
10596
10598
10599
10600
10601
10602
10603
10604
10605
10608
10609
10611
10612
10613
10614
10616
10619
10620
10622
10623
10624
10626
10628
10629
10630
10631
10632
10634
10636
10637
10638
10639
10641
10642
10646
10647
10648
10651
10653
10654
10656
10657
10659
10660
10662
10663
10665
10666
10668
10670
10671
10672
10673
10674
10675
10678
10681
10682
10684
10688
10689
10690
10693
10694
10697
10699
10700
10701
10703
10705
10707
10712
10713
10715
10717
10724
10725
10727
10728
10730
10731
10732
10733
10734
10735
10736
10737
10738
10739
10740
10743
10746
10747
10751
10752
10753
10754
10756
10757
10758
10759
10761
10763
10764
10765
10766
10767
10768
10769
10770
10771
10772
10773
10774
10777
10780
10782
10784
10785
10787
10788
10789
10793
10797
10798
10799
10800
10801
10802
10803
10805
10806
10808
10809
10814
10815
10816
10817
10824
10827
10828
10829
10834
10835
10836
10839
10840
10841
10842
10843
10845
10846
10847
10852
10853
10854
10856
10858
10863
10864
10866
10867
10868
10871
10872
10873
10874
10875
10877
10881
10883
10884
10888
10890
10893
10894
10896
10897
10899
10900
10901
10902
10903
10904
10905
10906
10909
10910
10912
10916
10917
10919
10921
10922
10923
10925
10926
10929
10931
10933
10936
10937
10938
10941
10944
10947
10948
10950
10952
10953
10955
10956
10957
10958
10961
10963
10965
10969
10972
10974
10976
10977
10981
10983
10984
10985
10986
10988
10990
10991
10993
10994
10997
10999
11000
11003
11004
11005
11006
11007
11008
11010
11011
11014
11015
11017
11018
11019
11020
11022
11023
11024
11025
11026
11029
11030
11031
11032
11033
11034
11035
11036
11037
11038
11040
11041
11043
11044
11047
11051
11052
11054
11055
11056
11057
11058
11059
11060
11061
11063
11064
11065
11066
11067
11068
11069
11071
11072
11073
11075
11076
11077
11078
11079
11081
11082
11085
11086
11088
11090
11091
11092
11094
11096
11098
11101
11104
11105
11106
11108
11109
11110
11111
11113
11114
11115
11117
11119
11121
11123
11125
11127
11129
11130
11131
11133
11134
11138
11139
11140
11141
11144
11145
11147
11148
11149
11150
11152
11156
11161
11163
11164
11166
11168
11169
11170
11171
11172
11173
11174
11175
11176
11178
11181
11183
11187
11188
11190
11191
11193
11194
11195
11197
11198
11200
11203
11205
11206
11207
11208
11209
11211
11213
11214
11215
11217
11218
11219
11221
11223
11225
11226
11227
11228
11229
11232
11233
11234
11236
11237
11239
11240
11242
11243
11245
11246
11250
11251
11256
11258
11259
11260
11262
11263
11264
11265
11266
11267
11268
11269
11271
11273
11277
11278
11279
11280
11282
11283
11284
11285
11286
11287
11289
11290
11291
11292
11293
11296
11297
11301
11302
11303
11304
11305
11306
11307
11309
11310
11312
11315
11316
11317
11318
11319
11320
11322
11323
11324
11328
11330
11332
11333
11335
11337
11339
11341
11342
11344
11345
11346
11348
11349
11350
11351
11352
11353
11354
11356
11360
11361
11364
11365
11367
11376
11377
11379
11381
11385
11386
11388
11390
11391
11392
11393
11401
11403
11404
11405
11406
11407
11409
11410
11412
11414
11415
11417
11421
11424
11425
11428
11431
11432
11436
11437
11438
11439
11442
11444
11445
11446
11447
11448
11451
11452
11454
11455
11458
11459
11460
11461
11462
11463
11464
11466
11468
11470
11473
11475
11476
11478
11480
11481
11482
11484
11486
11488
11489
11490
11491
11492
11493
11496
11498
11500
11501
11502
11505
11507
11509
11510
11511
11513
11514
11515
11521
11524
11525
11526
11530
11531
11532
11534
11536
11537
11538
11540
11541
11544
11546
11549
11551
11552
11553
11554
11559
11560
11561
11562
11563
11564
11565
11567
11568
11571
11572
11575
11576
11577
11578
11579
11580
11581
11585
11586
11587
11588
11589
11591
11592
11593
11594
11598
11599
11600
11601
11603
11605
11608
11609
11611
11613
11614
11615
11618
11620
11621
11624
11625
11629
11631
11634
11635
11636
11638
11640
11643
11644
11645
11646
11649
11650
11651
11652
11656
11660
11663
11664
11665
11666
11667
11668
11669
11672
11675
11676
11677
11679
11680
11681
11683
11684
11685
11686
11689
11690
11691
11692
11693
11694
11695
11697
11699
11701
11702
11703
11704
11705
11706
11707
11708
11709
11715
11716
11717
11721
11722
11724
11725
11726
11729
11732
11737
11739
11741
11743
11747
11748
11749
11751
11753
11754
11756
11757
11758
11760
11761
11763
11766
11767
11768
11770
11772
11774
11775
11776
11777
11779
11782
11783
11784
11785
11786
11791
11792
11793
11794
11795
11797
11798
11804
11805
11806
11807
11808
11810
11811
11812
11813
11814
11815
11816
11817
11818
11819
11820
11821
11822
11825
11827
11828
11829
11831
11833
11835
11837
11838
11839
11841
11845
11848
11850
11853
11854
11856
11858
11859
11860
11861
11864
11865
11866
11867
11868
11869
11872
11874
11875
11876
11877
11878
11879
11880
11883
11884
11885
11886
11888
11889
11890
11891
11895
11899
11901
11902
11903
11904
11906
11908
11909
11910
11912
11913
11914
11915
11917
11918
11919
11920
11921
11922
11926
11927
11932
11933
11936
11939
11941
11942
11943
11944
11946
11948
11950
11953
11956
11957
11958
11959
11960
11961
11963
11964
11966
11969
11970
11971
11972
11973
11974
11975
11976
11977
11980
11982
11983
11984
11986
11987
11989
11991
11994
11995
12000
12004
12005
12007
12008
12010
12012
12015
12016
12018
12023
12024
12027
12028
12029
12031
12032
12034
12035
12037
12040
12041
12042
12044
12046
12048
12049
12052
12053
12054
12057
12059
12060
12062
12063
12065
12067
12069
12074
12075
12076
12077
12078
12079
12080
12082
12083
12086
12087
12092
12094
12095
12096
12097
12099
12101
12104
12105
12108
12110
12111
12113
12114
12115
12116
12118
12120
12121
12122
12124
12126
12129
12131
12132
12133
12134
12137
12138
12139
12140
12142
12143
12145
12146
12147
12149
12150
12153
12155
12157
12163
12168
12173
12175
12176
12177
12178
12179
12181
12182
12184
12185
12186
12187
12188
12190
12191
12196
12198
12199
12202
12204
12206
12207
12208
12210
12211
12213
12214
12215
12217
12218
12219
12224
12225
12226
12228
12229
12231
12233
12235
12236
12237
12238
12239
12241
12242
12243
12244
12245
12246
12247
12248
12249
12250
12251
12252
12253
12256
12257
12259
12263
12267
12268
12270
12272
12273
12274
12275
12278
12279
12283
12286
12287
12288
12290
12291
12295
12296
12297
12298
12300
12301
12305
12306
12307
12310
12312
12313
12314
12315
12319
12320
12322
12324
12325
12326
12328
12329
12332
12335
12337
12338
12340
12342
12345
12346
12347
12350
12351
12352
12354
12358
12359
12360
12361
12362
12363
12365
12366
12368
12369
12370
12374
12375
12376
12378
12380
12381
12383
12384
12385
12386
12387
12388
12389
12390
12394
12395
12399
12401
12403
12404
12405
12409
12410
12411
12412
12414
12416
12417
12422
12424
12425
12426
12428
12429
12430
12432
12433
12434
12435
12436
12437
12439
12442
12444
12445
12446
12449
12451
12452
12453
12455
12457
12458
12460
12461
12462
12463
12466
12467
12469
12470
12471
12473
12476
12478
12479
12481
12482
12484
12488
12489
12491
12494
12496
12498
12501
12503
12506
12507
12508
12509
12510
12511
12514
12516
12517
12518
12519
12520
12525
12528
12532
12533
12537
12539
12541
12544
12545
12546
12547
12549
12552
12554
12555
12556
12557
12558
12559
12560
12561
12562
12565
12566
12570
12576
12578
12579
12583
12585
12586
12587
12588
12589
12590
12593
12595
12596
12597
12600
12601
12602
12603
12604
12607
12608
12611
12612
12614
12616
12618
12621
12622
12623
12624
12625
12626
12628
12629
12630
12631
12632
12633
12636
12638
12639
12640
12647
12649
12650
12651
12652
12658
12660
12661
12663
12664
12665
12668
12669
12671
12674
12675
12677
12679
12680
12681
12682
12685
12690
12691
12697
12698
12699
12700
12701
12704
12705
12707
12712
12713
12717
12719
12723
12728
12729
12731
12732
12734
12735
12738
12739
12742
12743
12745
12747
12749
12752
12753
12754
12756
12757
12759
12760
12762
12763
12765
12766
12767
12768
12769
12770
12772
12773
12777
12778
12779
12782
12783
12784
12785
12786
12787
12789
12792
12794
12796
12797
12802
12803
12804
12805
12808
12810
12811
12812
12815
12816
12818
12819
12821
12822
12823
12825
12827
12829
12830
12831
12834
12835
12837
12841
12842
12843
12844
12845
12846
12847
12850
12851
12853
12854
12855
12857
12861
12862
12863
12864
12867
12869
12871
12872
12879
12881
12885
12886
12889
12890
12891
12893
12895
12896
12897
12899
12903
12904
12905
12906
12907
12908
12910
12912
12913
12914
12915
12916
12917
12918
12919
12923
12927
12928
12929
12930
12933
12935
12937
12938
12940
12941
12943
12945
12946
12947
12949
12952
12954
12957
12958
12960
12963
12964
12966
12967
12969
12970
12972
12974
12975
12976
12977
12979
12980
12981
12983
12985
12986
12988
12990
12994
12995
12996
12997
12998
12999
13000
13005
13006
13007
13008
13009
13010
13011
13013
13014
13015
13016
13018
13022
13024
13025
13027
13030
13034
13036
13037
13038
13040
13041
13042
13043
13044
13045
13046
13047
13048
13049
13052
13053
13057
13058
13059
13061
13064
13065
13068
13071
13073
13076
13077
13079
13081
13082
13084
13086
13088
13089
13093
13094
13097
13099
13100
13101
13102
13103
13104
13107
13108
13109
13110
13111
13112
13113
13114
13116
13117
13118
13120
13121
13123
13124
13127
13128
13131
13132
13135
13136
13138
13139
13140
13142
13143
13144
13145
13146
13148
13149
13150
13153
13154
13155
13158
13159
13160
13161
13165
13166
13168
13169
13170
13172
13173
13174
13175
13178
13179
13180
13181
13182
13183
13185
13189
13190
13191
13192
13196
13198
13200
13201
13202
13203
13204
13205
13206
13207
13208
13210
13211
13212
13218
13219
13220
13226
13228
13229
13231
13232
13233
13235
13236
13237
13238
13239
13240
13241
13245
13246
13248
13249
13250
13252
13253
13254
13255
13258
13264
13265
13266
13267
13268
13270
13271
13273
13275
13277
13279
13280
13281
13283
13284
13287
13288
13289
13290
13291
13292
13297
13298
13299
13302
13303
13304
13306
13308
13311
13312
13313
13315
13316
13318
13319
13322
13324
13325
13326
13327
13330
13331
13332
13333
13334
13335
13336
13339
13342
13344
13345
13347
13348
13349
13350
13351
13353
13357
13358
13359
13361
13362
13364
13367
13368
13369
13370
13371
13372
13373
13374
13375
13376
13378
13379
13382
13383
13388
13390
13391
13394
13396
13397
13400
13404
13405
13409
13410
13411
13412
13416
13417
13419
13421
13422
13423
13427
13428
13432
13434
13436
13437
13438
13443
13444
13445
13446
13452
13453
13454
13459
13461
13462
13463
13464
13465
13466
13468
13469
13470
13471
13473
13474
13475
13476
13478
13480
13481
13482
13484
13487
13488
13489
13492
13494
13496
13497
13501
13502
13504
13506
13507
13508
13510
13512
13514
13515
13516
13517
13518
13519
13520
13521
13522
13523
13525
13526
13527
13528
13530
13531
13532
13533
13536
13537
13538
13539
13544
13545
13546
13547
13549
13550
13551
13553
13555
13556
13558
13559
13560
13561
13562
13565
13567
13568
13569
13570
13572
13573
13574
13575
13576
13578
13579
13582
13589
13590
13591
13592
13594
13595
13596
13597
13598
13600
13601
13603
13604
13605
13606
13609
13611
13613
13616
13619
13620
13621
13622
13623
13624
13627
13630
13631
13632
13633
13634
13638
13640
13643
13644
13645
13650
13651
13652
13653
13657
13661
13663
13664
13665
13667
13668
13669
13670
13671
13673
13675
13677
13680
13682
13683
13691
13692
13695
13696
13697
13698
13699
13701
13702
13703
13704
13706
13707
13708
13710
13711
13712
13714
13715
13716
13717
13718
13720
13722
13724
13725
13727
13730
13731
13732
13733
13734
13735
13736
13740
13741
13744
13747
13749
13750
13752
13758
13760
13763
13764
13766
13767
13768
13769
13770
13771
13772
13774
13775
13776
13777
13778
13779
13781
13784
13785
13787
13789
13791
13793
13795
13801
13802
13803
13804
13805
13806
13807
13808
13809
13811
13812
13813
13815
13816
13817
13818
13819
13820
13824
13825
13826
13830
13832
13833
13839
13841
13844
13845
13846
13847
13848
13849
13850
13851
13853
13856
13858
13859
13860
13861
13865
13867
13871
13874
13875
13877
13879
13880
13881
13883
13884
13886
13889
13890
13891
13892
13893
13894
13897
13898
13900
13902
13903
13905
13908
13912
13913
13915
13916
13921
13922
13923
13925
13927
13928
13929
13933
13936
13937
13938
13939
13940
13941
13942
13943
13946
13947
13949
13950
13952
13953
13954
13955
13957
13958
13960
13961
13962
13963
13966
13968
13969
13970
13972
13973
13977
13978
13979
13981
13982
13983
13984
13985
13987
13988
13989
13990
13991
13992
13993
13994
13995
13999
14003
14005
14006
14010
14011
14012
14013
14014
14015
14016
14017
14018
14019
14022
14023
14024
14026
14028
14032
14033
14037
14038
14039
14040
14041
14042
14044
14045
14046
14047
14051
14052
14054
14056
14057
14058
14061
14062
14064
14066
14069
14070
14071
14072
14075
14077
14078
14081
14082
14085
14086
14087
14088
14089
14090
14091
14092
14093
14095
14096
14097
14099
14100
14101
14102
14104
14105
14107
14108
14109
14111
14114
14115
14120
14123
14124
14125
14127
14128
14137
14138
14139
14140
14141
14144
14146
14148
14149
14150
14151
14157
14158
14161
14162
14163
14168
14171
14173
14175
14176
14177
14178
14179
14181
14183
14185
14186
14188
14189
14190
14191
14192
14193
14196
14197
14198
14199
14200
14205
14206
14207
14208
14209
14210
14211
14212
14213
14216
14217
14218
14219
14220
14221
14222
14223
14224
14225
14226
14229
14231
14232
14233
14235
14237
14239
14241
14242
14251
14253
14254
14256
14257
14258
14259
14260
14261
14262
14263
14264
14265
14267
14268
14269
14270
14271
14272
14275
14276
14277
14278
14280
14281
14282
14283
14284
14286
14287
14288
14289
14291
14294
14295
14296
14298
14301
14302
14304
14306
14307
14309
14311
14313
14315
14316
14317
14318
14320
14324
14325
14327
14328
14329
14330
14332
14333
14336
14337
14338
14340
14341
14343
14347
14348
14351
14352
14353
14355
14356
14359
14362
14363
14365
14366
14367
14369
14371
14372
14373
14375
14376
14379
14381
14382
14387
14388
14390
14394
14395
14397
14398
14399
14400
14401
14403
14405
14407
14408
14409
14411
14412
14413
14414
14415
14416
14417
14419
14421
14422
14423
14424
14425
14427
14432
14433
14434
14435
14436
14439
14440
14441
14452
14453
14454
14456
14459
14461
14464
14465
14466
14467
14468
14476
14477
14480
14482
14484
14485
14487
14488
14489
14490
14492
14493
14495
14496
14497
14499
14500
14501
14503
14504
14505
14506
14507
14508
14509
14511
14512
14513
14514
14515
14517
14518
14519
14520
14521
14525
14527
14531
14532
14533
14535
14537
14538
14541
14543
14545
14546
14547
14549
14551
14555
14556
14558
14560
14561
14563
14565
14566
14567
14568
14570
14571
14578
14579
14585
14587
14590
14591
14594
14595
14596
14597
14598
14602
14604
14607
14609
14610
14612
14613
14614
14615
14616
14617
14618
14622
14623
14626
14627
14629
14630
14631
14632
14633
14634
14637
14639
14640
14641
14642
14643
14645
14646
14647
14650
14652
14653
14657
14659
14660
14662
14663
14664
14665
14666
14667
14668
14669
14670
14672
14673
14674
14676
14679
14682
14683
14684
14685
14688
14689
14690
14691
14693
14694
14696
14697
14698
14699
14700
14701
14702
14704
14707
14708
14709
14710
14711
14715
14717
14718
14719
14720
14721
14722
14723
14725
14730
14731
14733
14734
14735
14736
14737
14738
14739
14740
14741
14742
14743
14744
14745
14746
14747
14748
14749
14751
14752
14753
14754
14755
14756
14759
14760
14763
14764
14765
14766
14767
14768
14769
14770
14771
14773
14775
14776
14777
14778
14779
14780
14781
14782
14783
14784
14785
14786
14788
14789
14790
14792
14793
14794
14795
14797
14798
14799
14801
14802
14803
14804
14806
14807
14808
14810
14813
14814
14815
14816
14818
14819
14820
14823
14825
14826
14827
14829
14830
14831
14832
14834
14835
14836
14837
14840
14841
14842
14843
14844
14845
14846
14848
14849
14850
14851
14852
14853
14854
14855
14856
14858
14859
14860
14861
14863
14865
14866
14867
14868
14869
14870
14871
14872
14873
14874
14877
14878
14879
14880
14881
14882
14883
14884
14885
14886
14887
14888
14889
14890
14891
14892
14893
14894
14895
14896
14897
14898
14900
14902
14903
14904
14905
14909
14910
14911
14912
14913
14914
14915
14916
14918
14920
14922
14923
14924
14925
14926
14927
14928
14929
14931
14932
14934
14935
14936
14937
14938
14940
14942
14943
14944
14946
14947
14948
14949
14950
14951
14952
14953
14954
14955
14956
14957
14958
14959
14961
14963
14964
14965
14966
14967
14968
14970
14971
14972
14973
14975
14976
14977
14978
14979
14980
14982
14983
14984
14985
14987
14988
14989
14990
14991
14992
14993
14994
14995
14996
14997
14999
15000
15002
15003
15004
15005
15006
15007
15008
15009
15010
15011
15012
15013
15014
15015
15016
15017
15019
15020
15021
15022
15023
15024
15025
15026
15030
15031
15033
15034
15035
15036
15037
15039
15041
15042
15045
15047
15048
15050
15051
15052
15053
15054
15055
15056
15057
15059
15060
15061
15062
15064
15065
15066
15067
15069
15070
15071
15072
15073
15074
15075
15076
15077
15078
15080
15081
15082
15083
15084
15085
15086
15089
15090
15094
15095
15097
15098
15099
15100
15101
15102
15103
15104
15105
15106
15107
15108
15109
15112
15113
15114
15115
15116
15118
15120
15121
15124
15126
15127
15129
15130
15131
15132
15134
15135
15136
15138
15139
15140
15141
15143
15144
15145
15147
15149
15150
15151
15152
15153
15154
15155
15156
15157
15158
15159
15160
15161
15162
15163
15164
15165
15166
15167
15168
15171
15173
15174
15175
15176
15178
15179
15180
15183
15185
15186
15187
15188
15189
15190
15191
15192
15193
15194
15195
15196
15197
15198
15199
15201
15202
15203
15204
15205
15210
15211
15212
15213
15214
15215
15216
15217
15218
15221
15222
15223
15224
15225
15226
15227
15228
15230
15231
15232
15233
15234
15235
15236
15237
15238
15239
15240
15241
15242
15243
15244
15245
15246
15247
15248
15249
15250
15251
15252
15253
15255
15256
15257
15258
15259
15260
15262
15263
15264
15265
15266
15267
15268
15269
15270
15271
15273
15274
15275
15276
15277
15278
15279
15280
15281
15282
15283
15284
15285
15287
15288
15289
15290
15291
15292
15293
15294
15296
15298
15299
15300
15302
15303
15304
15305
15306
15307
15308
15309
15310
15311
15312
15313
15314
15315
15316
15317
15319
15320
15321
15323
15324
15325
15326
15328
15329
15330
15331
15333
15334
15335
15336
15337
15338
15339
15340
15342
15343
15344
15345
15346
15347
15348
15349
15351
15352
15353
15354
15355
15356
15357
15358
15359
15360
15361
15362
15363
15364
15365
15366
15367
15368
15369
15370
15372
15373
15375
15376
15377
15379
15381
15383
15384
15385
15387
15388
15390
15391
15393
15394
15396
15397
15398
15399
15401
15402
15403
15405
15406
15407
15408
15410
15411
15413
15414
15415
15417
15418
15420
15422
15423
15424
15425
15426
15427
15428
15429
15430
15432
15433
15436
15439
15440
15441
15442
15443
15444
15445
15447
15448
15449
15450
15451
15453
15455
15456
15457
15458
15459
15460
15461
15465
15466
15467
15469
15470
15471
15472
15473
15474
15475
15476
15478
15479
15480
15483
15484
15485
15486
15487
15488
15490
15492
15493
15494
15495
15496
15497
15498
15499
15500
15501
15502
15503
15504
15505
15506
15507
15508
15509
15510
15511
15512
15514
15515
15516
15517
15519
15520
15521
15522
15523
15524
15525
15526
15528
15529
15530
15532
15533
15534
15535
15536
15537
15538
15539
15540
15541
15543
15546
15547
15548
15549
15550
15551
15552
15553
15554
15555
15556
15557
15558
15561
15562
15563
15564
15565
15566
15567
15568
15569
15570
15571
15572
15573
15574
15575
15576
15577
15578
15579
15580
15581
15582
15583
15584
15585
15587
15588
15589
15590
15591
15592
15593
15596
15597
15599
15600
15601
15602
15604
15605
15606
15607
15608
15609
15613
15614
15615
15616
15617
15618
15619
15620
15621
15622
15623
15624
15625
15628
15629
15630
15631
15633
15634
15636
15637
15638
15639
15640
15641
15642
15643
15644
15645
15646
15647
15648
15649
15651
15652
15653
15654
15655
15657
15658
15659
15660
15661
15662
15664
15665
15667
15668
15670
15671
15672
15673
15674
15675
15676
15677
15679
15680
15682
15683
15684
15685
15686
15687
15689
15690
15691
15695
15696
15699
15700
15701
15702
15703
15704
15705
15706
15708
15709
15711
15712
15714
15715
15717
15718
15719
15720
15721
15722
15723
15724
15725
15726
15728
15729
15732
15733
15735
15736
15740
15741
15743
15744
15745
15746
15748
15749
15751
15752
15753
15755
15756
15757
15759
15760
15761
15762
15763
15764
15765
15767
15769
15770
15771
15773
15774
15775
15776
15777
15778
15779
15780
15781
15782
15784
15785
15786
15787
15788
15789
15790
15791
15793
15794
15795
15796
15797
15800
15801
15802
15803
15804
15806
15807
15808
15809
15810
15814
15815
15816
15817
15818
15819
15820
15821
15823
15824
15826
15829
15830
15831
15832
15834
15835
15836
15837
15839
15840
15841
15842
15844
15845
15846
15847
15848
15850
15851
15853
15854
15855
15856
15857
15859
15860
15861
15862
15863
15865
15867
15868
15869
15870
15871
15873
15874
15875
15876
15878
15879
15880
15881
15882
15883
15884
15885
15886
15887
15888
15889
15890
15891
15892
15893
15894
15896
15897
15898
15899
15900
15901
15902
15903
15904
15905
15907
15908
15909
15910
15911
15913
15914
15915
15916
15917
15918
15919
15920
15921
15923
15924
15925
15926
15928
15929
15930
15933
15934
15935
15936
15937
15938
15939
15941
15942
15943
15944
15945
15946
15947
15949
15950
15951
15953
15955
15957
15958
15959
15960
15961
15962
15964
15965
15966
15967
15968
15969
15970
15971
15972
15974
15976
15977
15978
15979
15980
15981
15983
15984
15986
15987
15988
15989
15990
15991
15992
15993
15994
15995
15996
15997
15998
15999
16000
16001
16003
16004
16006
16007
16008
16013
16014
16015
16018
16019
16020
16021
16022
16023
16024
16025
16026
16027
16028
16029
16030
16033
16034
16035
16036
16037
16039
16040
16041
16042
16043
16044
16045
16046
16047
16050
16051
16052
16054
16055
16056
16057
16059
16060
16061
16062
16063
16064
16065
16066
16067
16068
16069
16070
16072
16073
16074
16077
16078
16080
16082
16084
16086
16087
16088
16089
16091
16092
16093
16094
16095
16096
16098
16099
16100
16101
16102
16103
16104
16105
16106
16107
16108
16109
16110
16111
16113
16114
16115
16116
16117
16118
16119
16122
16123
16124
16125
16126
16127
16128
16130
16131
16132
16133
16134
16135
16136
16137
16138
16140
16141
16142
16144
16146
16148
16149
16150
16151
16152
16153
16154
16155
16156
16157
16158
16159
16160
16161
16162
16164
16165
16166
16167
16168
16169
16171
16172
16174
16175
16176
16177
16178
16179
16180
16181
16182
16183
16184
16185
16186
16188
16189
16190
16191
16192
16193
16194
16197
16198
16199
16201
16202
16203
16204
16205
16206
16207
16209
16210
16211
16212
16214
16216
16217
16218
16219
16220
16221
16222
16224
16225
16226
16227
16228
16230
16231
16233
16234
16235
16236
16237
16238
16239
16240
16241
16242
16243
16244
16246
16247
16248
16249
16251
16253
16254
16257
16258
16260
16261
16262
16264
16265
16267
16268
16270
16271
16273
16275
16276
16277
16278
16279
16281
16283
16284
16285
16287
16288
16289
16290
16291
16292
16293
16294
16295
16296
16297
16298
16301
16302
16303
16304
16305
16307
16308
16309
16311
16312
16313
16314
16315
16316
16317
16318
16319
16320
16321
16322
16323
16324
16325
16326
16328
16329
16330
16334
16335
16336
16340
16341
16342
16343
16344
16345
16346
16347
16348
16349
16350
16352
16353
16354
16356
16357
16358
16359
16361
16362
16363
16365
16367
16368
16369
16372
16373
16374
16375
16376
16378
16379
16380
16384
16385
16386
16387
16388
16389
16391
16392
16393
16396
16397
16398
16399
16400
16401
16402
16403
16404
16405
16406
16407
16409
16410
16411
16412
16413
16414
16415
16417
16419
16420
16421
16422
16423
16424
16425
16428
16429
16430
16431
16433
16436
16438
16439
16440
16441
16442
16443
16444
16445
16446
16447
16448
16452
16453
16454
16455
16456
16457
16458
16460
16461
16462
16464
16465
16466
16468
16469
16470
16473
16474
16476
16477
16479
16480
16481
16482
16483
16484
16485
16486
16487
16488
16489
16490
16491
16493
16494
16495
16496
16497
16498
16499
16500
16502
16504
16505
16506
16507
16508
16509
16510
16511
16512
16514
16515
16516
16517
16518
16519
16520
16521
16522
16523
16524
16525
16526
16527
16528
16529
16530
16531
16532
16534
16536
16538
16540
16541
16543
16544
16545
16547
16549
16550
16551
16552
16553
16554
16555
16557
16558
16559
16560
16562
16563
16564
16567
16569
16570
16571
16572
16573
16574
16575
16576
16577
16578
16579
16580
16581
16583
16584
16587
16588
16590
16591
16592
16593
16594
16595
16596
16598
16600
16601
16602
16603
16604
16606
16607
16608
16609
16611
16612
16615
16616
16617
16618
16619
16620
16621
16622
16623
16624
16625
16627
16628
16629
16630
16632
16633
16634
16635
16636
16637
16639
16640
16641
16643
16644
16645
16646
16647
16649
16650
16651
16653
16654
16655
16656
16657
16658
16659
16660
16661
16662
16664
16665
16666
16667
16668
16669
16671
16673
16674
16675
16677
16679
16680
16681
16684
16685
16686
16687
16689
16690
16692
16693
16694
16695
16697
16699
16700
16703
16704
16705
16706
16709
16710
16712
16713
16715
16716
16718
16719
16720
16721
16722
16723
16724
16725
16726
16727
16728
16729
16730
16732
16733
16734
16737
16738
16741
16742
16743
16745
16747
16749
16750
16751
16752
16753
16754
16755
16756
16758
16759
16760
16761
16764
16765
16767
16768
16769
16770
16771
16772
16774
16776
16777
16778
16779
16781
16783
16784
16786
16787
16788
16789
16790
16791
16792
16793
16794
16796
16798
16799
16800
16801
16802
16803
16804
16805
16808
16809
16810
16812
16813
16815
16816
16818
16819
16821
16822
16824
16825
16826
16827
16828
16829
16830
16831
16833
16834
16835
16838
16839
16840
16841
16842
16843
16844
16845
16846
16847
16848
16849
16850
16851
16852
16853
16855
16857
16858
16860
16861
16862
16863
16864
16865
16866
16867
16868
16869
16870
16871
16872
16873
16874
16875
16878
16879
16881
16882
16885
16886
16887
16888
16889
16891
16892
16893
16895
16896
16897
16899
16900
16902
16903
16904
16906
16907
16908
16909
16910
16911
16912
16913
16914
16915
16916
16918
16919
16920
16921
16923
16924
16925
16926
16927
16928
16929
16930
16931
16932
16933
16934
16935
16936
16937
16938
16939
16940
16942
16944
16945
16946
16947
16948
16952
16953
16954
16955
16956
16958
16959
16960
16961
16964
16965
16966
16967
16968
16969
16970
16971
16972
16973
16975
16978
16980
16981
16982
16983
16984
16985
16986
16987
16988
16989
16991
16992
16993
16995
16996
16997
16998
16999
17002
17005
17006
17007
17008
17009
17010
17011
17012
17013
17014
17015
17016
17018
17019
17021
17022
17023
17024
17025
17026
17027
17028
17029
17030
17031
17032
17033
17035
17037
17038
17039
17040
17041
17042
17043
17044
17045
17046
17047
17048
17049
17050
17051
17053
17054
17055
17057
17058
17059
17060
17061
17063
17064
17065
17066
17067
17068
17069
17070
17071
17074
17075
17076
17077
17079
17080
17081
17083
17084
17085
17086
17087
17088
17089
17090
17091
17092
17093
17094
17095
17096
17097
17099
17100
17101
17102
17103
17105
17106
17107
17108
17110
17111
17112
17113
17114
17115
17116
17118
17119
17121
17122
17123
17124
17127
17129
17130
17131
17132
17133
17134
17135
17136
17137
17140
17141
17142
17143
17144
17146
17148
17149
17150
17151
17152
17153
17154
17156
17157
17158
17159
17161
17162
17163
17164
17165
17166
17167
17168
17169
17171
17172
17173
17175
17176
17177
17178
17179
17180
17182
17184
17185
17186
17187
17188
17189
17190
17192
17195
17196
17197
17198
17199
17203
17204
17207
17208
17209
17211
17213
17214
17215
17216
17217
17218
17219
17220
17221
17222
17223
17224
17225
17226
17227
17228
17229
17231
17232
17233
17234
17235
17236
17237
17238
17240
17241
17242
17244
17245
17246
17248
17249
17251
17253
17254
17255
17257
17258
17259
17261
17263
17265
17266
17267
17268
17270
17271
17272
17273
17274
17276
17277
17278
17279
17280
17281
17284
17285
17287
17289
17290
17291
17292
17293
17295
17296
17297
17298
17299
17302
17303
17304
17305
17307
17308
17310
17311
17312
17313
17314
17315
17316
17317
17318
17320
17321
17322
17323
17324
17325
17326
17327
17328
17329
17330
17331
17333
17334
17335
17336
17337
17338
17340
17341
17342
17343
17344
17345
17346
17347
17348
17351
17353
17355
17356
17357
17358
17359
17360
17361
17362
17363
17364
17365
17366
17367
17368
17369
17370
17371
17372
17373
17376
17377
17378
17379
17380
17383
17384
17385
17387
17390
17391
17392
17393
17394
17395
17396
17397
17398
17399
17400
17403
17404
17405
17406
17407
17408
17409
17411
17412
17413
17414
17415
17416
17417
17418
17419
17420
17421
17425
17431
17432
17433
17434
17435
17436
17437
17438
17439
17440
17441
17442
17443
17444
17446
17447
17448
17449
17450
17451
17452
17456
17457
17458
17459
17460
17461
17462
17463
17464
17468
17471
17472
17473
17474
17475
17476
17477
17478
17479
17480
17481
17482
17483
17484
17485
17486
17487
17488
17489
17490
17491
17492
17493
17495
17496
17497
17498
17501
17502
17503
17504
17505
17506
17507
17508
17509
17510
17511
17512
17513
17515
17516
17517
17518
17520
17521
17525
17526
17527
17528
17529
17530
17531
17532
17533
17534
17535
17536
17537
17539
17540
17541
17542
17545
17546
17547
17548
17549
17550
17552
17553
17554
17556
17558
17559
17561
17562
17563
17565
17566
17567
17568
17569
17570
17571
17572
17573
17576
17577
17581
17582
17583
17584
17585
17587
17588
17589
17590
17591
17594
17595
17596
17597
17598
17599
17600
17601
17602
17603
17604
17605
17607
17608
17609
17610
17611
17612
17613
17614
17615
17616
17617
17618
17619
17620
17621
17622
17623
17624
17626
17628
17629
17630
17631
17632
17633
17637
17638
17639
17641
17643
17644
17645
17646
17647
17648
17649
17653
17655
17656
17658
17659
17663
17665
17666
17669
17671
17672
17678
17679
17680
17681
17682
17683
17684
17685
17686
17687
17688
17689
17691
17692
17694
17695
17696
17697
17698
17700
17704
17706
17707
17709
17710
17711
17713
17714
17716
17717
17718
17719
17721
17724
17725
17726
17727
17728
17730
17731
17732
17733
17734
17735
17736
17737
17738
17739
17740
17742
17744
17745
17746
17747
17748
17749
17750
17751
17752
17753
17755
17756
17757
17758
17760
17761
17762
17763
17766
17767
17768
17769
17770
17771
17772
17773
17774
17775
17776
17778
17779
17780
17781
17782
17784
17785
17787
17788
17790
17791
17793
17794
17795
17796
17797
17798
17799
17800
17801
17802
17803
17805
17806
17807
17808
17810
17811
17812
17813
17815
17816
17817
17819
17820
17821
17822
17823
17824
17825
17827
17828
17829
17833
17834
17835
17836
17837
17838
17839
17841
17842
17844
17845
17846
17847
17848
17849
17850
17853
17855
17857
17858
17859
17860
17861
17862
17863
17864
17865
17866
17867
17868
17869
17870
17871
17872
17873
17874
17875
17876
17878
17879
17881
17882
17883
17884
17886
17887
17888
17890
17891
17892
17893
17895
17896
17897
17900
17901
17903
17904
17905
17906
17907
17908
17909
17911
17912
17914
17915
17916
17917
17918
17920
17921
17922
17923
17924
17925
17926
17927
17928
17929
17930
17931
17934
17935
17936
17937
17938
17939
17940
17941
17942
17943
17945
17946
17947
17948
17949
17950
17951
17952
17954
17955
17956
17958
17959
17960
17961
17962
17963
17964
17966
17968
17969
17970
17971
17972
17973
17974
17975
17976
17977
17978
17980
17982
17983
17984
17987
17988
17989
17990
17992
17994
17995
17996
17997
17998
17999
18001
18002
18003
18004
18006
18007
18008
18009
18010
18011
18013
18014
18016
18017
18018
18019
18020
18021
18022
18024
18025
18026
18028
18029
18030
18031
18032
18034
18035
18036
18038
18039
18040
18041
18042
18043
18044
18048
18049
18050
18052
18053
18054
18056
18057
18058
18059
18060
18061
18062
18063
18064
18065
18066
18068
18069
18070
18071
18072
18075
18076
18077
18079
18080
18081
18082
18083
18084
18086
18087
18089
18092
18093
18094
18095
18096
18097
18100
18101
18102
18104
18107
18108
18109
18110
18111
18112
18113
18114
18115
18116
18117
18118
18119
18120
18121
18122
18123
18126
18128
18129
18130
18131
18132
18133
18134
18136
18138
18140
18141
18142
18143
18144
18145
18146
18147
18149
18150
18151
18152
18153
18154
18155
18157
18158
18159
18160
18161
18162
18164
18165
18166
18167
18168
18170
18172
18173
18174
18175
18176
18177
18178
18179
18180
18181
18184
18186
18187
18188
18189
18190
18191
18195
18196
18198
18199
18200
18201
18202
18204
18205
18206
18207
18208
18209
18211
18213
18214
18215
18216
18217
18220
18221
18222
18223
18224
18225
18226
18227
18229
18230
18232
18233
18234
18235
18236
18237
18239
18240
18241
18243
18244
18245
18247
18248
18249
18250
18251
18252
18254
18255
18256
18259
18260
18261
18262
18263
18264
18265
18266
18267
18268
18269
18270
18271
18272
18273
18274
18276
18278
18279
18280
18281
18282
18283
18284
18286
18287
18288
18289
18290
18291
18292
18293
18294
18296
18297
18298
18299
18300
18301
18302
18303
18304
18305
18306
18307
18308
18309
18310
18312
18314
18315
18316
18317
18319
18320
18323
18324
18326
18328
18329
18330
18331
