2
3
4
6
7
8
11
13
14
15
17
18
21
22
23
28
32
34
35
36
37
40
41
42
43
47
50
51
52
54
55
56
59
61
62
65
67
68
69
70
72
75
76
77
78
79
80
82
83
89
91
94
95
97
99
100
101
103
105
107
108
111
112
113
118
120
121
122
124
126
127
128
129
130
131
132
134
136
137
140
143
144
147
148
149
151
152
153
154
155
156
157
159
165
166
168
169
172
173
177
178
180
181
183
184
187
188
189
193
194
195
197
198
199
200
201
206
210
212
214
218
220
221
224
226
229
230
233
234
236
238
241
242
245
246
247
249
250
251
252
253
254
257
258
259
260
261
262
263
264
265
269
271
272
273
277
279
282
283
284
285
286
287
288
291
292
294
295
299
300
302
303
304
305
306
308
310
311
312
313
314
316
317
318
319
320
321
322
323
324
326
328
329
330
331
332
333
334
335
336
338
339
340
343
344
345
347
348
350
351
354
355
356
357
358
360
361
362
365
366
367
369
373
375
378
379
380
381
382
384
385
387
388
389
390
392
393
394
395
396
397
398
399
402
403
404
405
407
409
411
414
415
418
420
422
423
425
426
427
429
431
433
435
436
437
439
442
445
447
448
449
450
452
453
454
455
456
457
458
459
460
461
462
463
465
466
467
471
472
475
476
478
479
483
485
486
487
489
490
491
492
493
494
495
496
497
504
505
506
508
509
510
512
513
514
515
518
520
522
523
526
527
528
529
530
532
533
534
536
537
538
540
542
544
545
546
549
552
553
554
555
556
560
561
564
569
570
571
572
573
575
581
582
584
585
586
587
589
591
595
597
599
600
602
603
604
606
607
608
610
612
613
615
616
617
618
619
621
622
624
629
630
631
634
635
636
637
638
640
642
643
644
645
647
653
654
655
656
657
661
662
663
664
665
667
669
670
671
672
676
677
678
679
680
683
685
687
689
692
693
696
697
701
702
706
710
713
714
717
719
723
725
726
727
728
730
731
734
735
737
740
742
743
744
747
748
750
751
752
754
755
756
757
758
759
760
761
763
764
765
767
769
771
772
773
774
776
777
778
781
782
786
788
789
790
793
795
796
797
798
799
800
801
802
803
805
808
809
810
811
812
814
815
816
818
820
821
822
823
824
827
829
834
835
837
839
840
841
843
844
846
847
850
852
853
854
855
857
859
860
862
863
864
865
867
869
871
872
877
878
879
881
882
883
885
890
892
894
898
899
900
901
902
903
904
906
907
908
909
911
912
913
914
915
917
919
920
921
928
929
932
935
936
937
939
943
944
946
948
949
950
955
959
960
961
962
963
964
967
968
974
976
980
982
983
986
988
991
992
993
994
999
1000
1001
1003
1004
1005
1006
1009
1010
1013
1015
1016
1017
1021
1022
1024
1026
1028
1029
1030
1031
1033
1034
1036
1038
1039
1040
1041
1042
1043
1047
1048
1052
1054
1055
1056
1057
1061
1062
1063
1064
1065
1068
1069
1070
1072
1074
1075
1076
1077
1081
1084
1085
1088
1089
1090
1092
1093
1094
1095
1097
1103
1104
1107
1110
1111
1113
1114
1118
1119
1122
1124
1125
1127
1128
1130
1132
1133
1134
1137
1138
1139
1140
1143
1146
1149
1150
1151
1152
1155
1158
1159
1160
1161
1162
1163
1165
1166
1168
1170
1171
1172
1174
1175
1176
1177
1178
1180
1181
1184
1185
1187
1189
1190
1191
1192
1198
1200
1201
1202
1207
1212
1213
1215
1216
1217
1218
1220
1222
1224
1228
1232
1233
1234
1235
1239
1240
1241
1244
1245
1249
1251
1252
1254
1256
1257
1258
1260
1263
1264
1265
1266
1267
1269
1270
1272
1273
1274
1276
1280
1283
1284
1285
1286
1287
1289
1292
1293
1294
1295
1297
1299
1300
1301
1302
1305
1307
1308
1309
1311
1312
1313
1315
1318
1319
1320
1321
1322
1324
1325
1326
1327
1328
1330
1331
1332
1333
1334
1335
1342
1343
1344
1347
1349
1350
1353
1356
1358
1360
1362
1363
1364
1365
1366
1370
1371
1372
1377
1378
1380
1382
1383
1385
1386
1387
1388
1389
1390
1392
1394
1395
1397
1399
1400
1401
1403
1404
1405
1407
1410
1411
1413
1414
1416
1418
1419
1421
1423
1424
1425
1426
1427
1431
1433
1434
1435
1436
1438
1440
1441
1442
1443
1444
1447
1450
1453
1454
1455
1456
1458
1459
1460
1461
1464
1469
1470
1472
1473
1474
1475
1478
1479
1481
1482
1483
1484
1485
1486
1487
1489
1491
1492
1493
1494
1495
1496
1497
1499
1500
1501
1503
1505
1506
1507
1508
1509
1511
1512
1516
1518
1519
1520
1527
1528
1529
1533
1534
1536
1537
1542
1544
1545
1546
1548
1549
1550
1551
1552
1553
1554
1555
1557
1559
1560
1561
1563
1565
1567
1568
1569
1571
1573
1574
1576
1577
1579
1580
1582
1583
1584
1585
1586
1587
1590
1591
1593
1595
1596
1599
1600
1602
1603
1605
1606
1608
1609
1610
1611
1612
1615
1616
1617
1618
1619
1620
1622
1623
1624
1625
1628
1630
1631
1632
1633
1635
1637
1638
1641
1642
1643
1645
1646
1647
1651
1652
1653
1654
1655
1657
1658
1659
1665
1667
1669
1670
1671
1673
1674
1675
1677
1678
1679
1680
1681
1683
1684
1685
1686
1688
1689
1690
1692
1694
1695
1697
1698
1700
1701
1702
1704
1706
1707
1709
1711
1715
1717
1718
1720
1721
1722
1724
1725
1726
1728
1729
1734
1739
1741
1742
1743
1744
1745
1746
1747
1748
1750
1751
1752
1753
1756
1757
1758
1759
1760
1761
1762
1763
1764
1765
1766
1767
1768
1771
1774
1775
1778
1779
1781
1786
1787
1789
1790
1791
1796
1798
1799
1801
1803
1805
1807
1808
1810
1812
1814
1818
1822
1823
1824
1825
1826
1827
1834
1835
1838
1839
1840
1841
1842
1843
1844
1846
1847
1849
1850
1852
1855
1856
1857
1860
1861
1863
1866
1867
1868
1869
1870
1871
1872
1874
1876
1877
1878
1879
1880
1881
1882
1884
1887
1888
1889
1892
1894
1896
1897
1898
1899
1900
1902
1903
1904
1905
1906
1908
1911
1912
1913
1915
1916
1917
1920
1922
1925
1927
1928
1930
1933
1936
1939
1945
1952
1953
1954
1955
1957
1958
1959
1960
1961
1962
1963
1964
1965
1966
1968
1970
1971
1972
1973
1976
1977
1981
1983
1984
1985
1986
1990
1991
1992
1995
1996
1997
1999
2001
2002
2004
2005
2007
2008
2009
2010
2013
2014
2015
2017
2018
2020
2023
2025
2027
2028
2029
2031
2033
2034
2035
2036
2037
2042
2044
2045
2046
2049
2051
2052
2054
2055
2056
2059
2061
2062
2063
2064
2068
2071
2072
2073
2074
2075
2079
2081
2082
2085
2086
2087
2090
2091
2092
2098
2099
2102
2103
2104
2106
2107
2108
2109
2110
2111
2112
2114
2115
2116
2117
2119
2123
2125
2126
2127
2130
2133
2134
2137
2138
2142
2143
2146
2147
2148
2149
2150
2152
2156
2157
2160
2163
2164
2165
2167
2168
2170
2172
2173
2174
2175
2179
2181
2182
2185
2186
2187
2188
2190
2192
2193
2199
2200
2203
2204
2205
2207
2209
2210
2212
2213
2214
2215
2216
2218
2220
2222
2224
2225
2229
2231
2233
2234
2235
2236
2237
2238
2240
2241
2242
2244
2246
2247
2249
2251
2255
2257
2258
2259
2260
2261
2262
2266
2268
2270
2272
2274
2275
2277
2281
2282
2284
2285
2286
2287
2288
2289
2290
2293
2295
2296
2297
2298
2300
2303
2304
2305
2306
2307
2308
2311
2312
2313
2314
2316
2319
2320
2321
2322
2324
2326
2327
2328
2329
2330
2331
2336
2337
2338
2339
2340
2341
2343
2345
2347
2348
2349
2350
2352
2353
2354
2355
2357
2362
2363
2364
2366
2368
2369
2370
2371
2372
2373
2375
2377
2378
2380
2381
2382
2383
2386
2387
2388
2391
2392
2393
2394
2396
2398
2399
2402
2403
2404
2405
2407
2408
2409
2411
2413
2417
2420
2421
2422
2423
2425
2426
2427
2428
2429
2430
2432
2433
2435
2436
2437
2438
2439
2440
2441
2442
2443
2444
2446
2448
2450
2451
2454
2456
2460
2462
2465
2467
2468
2472
2474
2475
2476
2478
2479
2482
2483
2484
2485
2487
2488
2489
2490
2491
2493
2494
2496
2498
2501
2502
2503
2504
2507
2509
2512
2513
2515
2516
2517
2519
2521
2522
2524
2525
2527
2528
2529
2530
2531
2532
2535
2536
2538
2539
2541
2542
2543
2544
2545
2546
2547
2548
2549
2550
2552
2554
2556
2558
2559
2561
2562
2564
2565
2567
2568
2569
2571
2575
2576
2579
2580
2581
2582
2583
2584
2585
2586
2587
2588
2590
2591
2592
2593
2594
2595
2596
2599
2600
2602
2603
2605
2606
2609
2611
2612
2614
2615
2616
2617
2618
2622
2623
2625
2626
2627
2629
2630
2631
2632
2634
2635
2636
2637
2638
2639
2641
2642
2646
2647
2648
2651
2653
2654
2655
2657
2659
2661
2663
2664
2666
2668
2669
2672
2673
2674
2676
2677
2678
2679
2682
2683
2685
2687
2688
2690
2691
2693
2694
2696
2698
2699
2701
2702
2703
2708
2709
2711
2712
2713
2714
2715
2719
2721
2724
2725
2726
2729
2730
2732
2735
2736
2738
2741
2743
2744
2747
2750
2751
2752
2753
2756
2757
2759
2761
2764
2765
2766
2767
2768
2770
2773
2774
2775
2778
2781
2783
2786
2788
2792
2794
2796
2798
2805
2806
2807
2809
2810
2811
2812
2814
2815
2816
2818
2821
2822
2824
2825
2827
2829
2830
2831
2832
2833
2836
2839
2840
2842
2843
2844
2845
2846
2848
2850
2851
2852
2854
2855
2857
2861
2862
2864
2865
2866
2867
2868
2869
2871
2873
2874
2875
2877
2878
2879
2880
2881
2883
2884
2887
2888
2891
2893
2894
2895
2897
2899
2901
2902
2906
2907
2908
2912
2916
2917
2921
2922
2924
2926
2928
2930
2933
2934
2935
2936
2937
2938
2939
2941
2943
2944
2947
2949
2950
2953
2955
2956
2958
2961
2962
2965
2966
2967
2969
2971
2972
2974
2975
2977
2979
2981
2983
2984
2985
2986
2987
2990
2991
2992
2993
2994
2995
2997
2999
3000
3001
3002
3005
3009
3010
3011
3012
3015
3018
3019
3020
3024
3026
3028
3029
3030
3031
3033
3034
3035
3038
3040
3041
3042
3043
3044
3049
3050
3054
3056
3057
3059
3066
3067
3070
3071
3072
3073
3075
3076
3077
3079
3080
3081
3082
3083
3084
3086
3089
3090
3091
3092
3095
3096
3097
3098
3101
3102
3103
3104
3106
3108
3110
3111
3113
3115
3116
3117
3118
3122
3125
3127
3129
3131
3132
3134
3138
3140
3141
3143
3144
3146
3147
3150
3151
3153
3156
3158
3160
3161
3163
3166
3167
3169
3170
3173
3174
3175
3177
3179
3180
3182
3183
3184
3185
3186
3188
3189
3193
3194
3195
3197
3198
3200
3202
3203
3204
3206
3207
3208
3209
3210
3214
3215
3217
3219
3221
3222
3223
3225
3226
3228
3229
3230
3231
3232
3234
3235
3239
3240
3241
3242
3245
3248
3249
3251
3252
3253
3254
3255
3257
3258
3259
3260
3261
3264
3265
3266
3267
3268
3269
3274
3275
3276
3277
3279
3281
3282
3283
3286
3287
3288
3289
3291
3294
3295
3297
3298
3300
3301
3302
3304
3305
3307
3308
3311
3312
3313
3315
3316
3317
3318
3321
3322
3323
3324
3325
3326
3332
3333
3334
3335
3336
3337
3338
3339
3340
3342
3344
3347
3348
3352
3353
3354
3355
3358
3359
3361
3362
3363
3364
3366
3367
3369
3370
3374
3375
3376
3377
3378
3382
3384
3385
3386
3391
3394
3396
3398
3401
3402
3403
3405
3408
3409
3410
3411
3412
3413
3414
3415
3416
3418
3419
3421
3422
3423
3424
3425
3427
3428
3429
3430
3432
3433
3434
3437
3438
3439
3441
3443
3444
3445
3447
3448
3450
3451
3454
3456
3457
3459
3461
3464
3465
3467
3468
3469
3470
3472
3474
3478
3481
3482
3483
3484
3485
3486
3487
3488
3490
3491
3494
3495
3496
3499
3501
3502
3503
3505
3506
3509
3510
3511
3513
3514
3515
3516
3517
3519
3520
3521
3524
3525
3526
3530
3533
3534
3536
3538
3540
3545
3546
3547
3548
3549
3550
3551
3553
3555
3558
3559
3560
3561
3564
3567
3568
3570
3571
3572
3574
3576
3578
3580
3581
3583
3584
3586
3588
3589
3590
3591
3592
3595
3596
3597
3598
3603
3604
3606
3607
3608
3609
3610
3613
3616
3619
3623
3624
3625
3630
3631
3632
3633
3635
3636
3637
3638
3639
3641
3642
3644
3645
3646
3647
3648
3649
3650
3652
3655
3656
3661
3662
3665
3666
3670
3671
3672
3677
3679
3682
3683
3686
3687
3689
3692
3693
3694
3695
3698
3700
3701
3706
3707
3714
3715
3716
3717
3718
3720
3721
3722
3723
3725
3726
3727
3728
3729
3732
3735
3736
3740
3741
3745
3747
3751
3754
3755
3756
3757
3758
3760
3761
3762
3764
3765
3768
3770
3771
3773
3774
3775
3777
3780
3781
3783
3786
3787
3788
3791
3792
3794
3796
3797
3798
3799
3800
3802
3803
3804
3808
3809
3812
3814
3815
3816
3819
3820
3821
3822
3823
3826
3828
3830
3832
3833
3834
3837
3839
3840
3841
3843
3845
3846
3847
3848
3849
3851
3852
3853
3855
3857
3858
3862
3863
3864
3865
3866
3867
3869
3871
3872
3876
3880
3881
3882
3885
3888
3890
3891
3892
3893
3897
3899
3901
3903
3904
3906
3907
3911
3912
3913
3915
3918
3919
3921
3923
3924
3925
3926
3927
3928
3929
3932
3933
3934
3935
3936
3937
3940
3948
3949
3955
3956
3957
3958
3960
3961
3962
3963
3964
3965
3969
3971
3973
3974
3975
3976
3977
3979
3981
3982
3986
3987
3988
3990
3991
3994
3998
3999
4001
4002
4006
4007
4008
4012
4013
4014
4016
4017
4018
4019
4020
4022
4023
4024
4026
4028
4032
4033
4034
4038
4039
4040
4041
4042
4043
4044
4045
4046
4047
4048
4049
4050
4051
4052
4054
4057
4058
4060
4061
4062
4063
4066
4067
4068
4070
4071
4079
4081
4083
4085
4087
4088
4089
4090
4092
4093
4094
4095
4096
4098
4099
4100
4101
4103
4104
4105
4110
4111
4112
4113
4114
4115
4117
4118
4121
4122
4124
4125
4127
4129
4131
4134
4135
4143
4147
4154
4157
4159
4160
4161
4162
4163
4165
4167
4168
4169
4171
4172
4173
4176
4178
4179
4180
4181
4182
4186
4187
4188
4189
4190
4193
4194
4195
4198
4201
4202
4203
4205
4206
4208
4211
4212
4214
4215
4216
4217
4219
4220
4221
4223
4224
4225
4228
4229
4232
4233
4235
4237
4238
4239
4241
4245
4246
4248
4249
4252
4253
4254
4257
4260
4263
4264
4265
4266
4268
4270
4273
4274
4275
4277
4278
4279
4280
4281
4283
4284
4291
4292
4293
4294
4295
4297
4298
4300
4301
4307
4308
4310
4313
4314
4315
4316
4317
4319
4320
4323
4325
4328
4329
4330
4332
4334
4335
4337
4339
4342
4345
4347
4350
4352
4353
4354
4360
4361
4362
4363
4364
4365
4366
4367
4368
4371
4374
4375
4377
4378
4381
4382
4384
4388
4390
4391
4392
4394
4398
4399
4400
4401
4403
4404
4408
4409
4411
4413
4414
4415
4416
4419
4420
4421
4422
4423
4424
4428
4429
4431
4434
4435
4439
4440
4441
4442
4445
4447
4451
4452
4454
4456
4457
4458
4462
4463
4465
4467
4468
4469
4471
4472
4474
4475
4477
4479
4480
4481
4486
4487
4488
4489
4490
4492
4493
4494
4495
4496
4498
4499
4500
4501
4502
4503
4507
4509
4511
4512
4513
4515
4516
4519
4520
4522
4524
4525
4527
4530
4531
4536
4537
4538
4541
4542
4543
4544
4547
4548
4551
4553
4555
4556
4558
4560
4561
4562
4563
4565
4566
4567
4568
4571
4575
4576
4577
4579
4580
4581
4582
4583
4584
4585
4586
4587
4588
4591
4592
4593
4595
4597
4598
4601
4604
4605
4610
4612
4614
4615
4616
4618
4621
4622
4623
4624
4625
4626
4627
4630
4633
4634
4635
4637
4638
4641
4643
4644
4645
4647
4648
4649
4650
4651
4654
4659
4660
4661
4666
4669
4670
4671
4672
4675
4678
4680
4682
4683
4684
4686
4691
4692
4693
4695
4697
4698
4699
4700
4703
4704
4705
4706
4707
4708
4709
4711
4712
4713
4714
4715
4716
4717
4718
4719
4721
4724
4726
4727
4728
4729
4731
4733
4734
4735
4738
4739
4740
4741
4742
4743
4744
4745
4747
4749
4750
4751
4753
4756
4757
4759
4760
4761
4762
4764
4765
4766
4767
4768
4769
4771
4773
4774
4775
4777
4778
4779
4781
4782
4783
4784
4789
4790
4791
4792
4793
4794
4798
4802
4804
4806
4808
4809
4811
4812
4813
4814
4818
4821
4823
4824
4825
4826
4827
4829
4830
4832
4835
4838
4840
4841
4842
4846
4847
4848
4851
4852
4853
4855
4856
4858
4859
4861
4862
4863
4864
4865
4866
4867
4868
4869
4871
4873
4874
4876
4877
4878
4880
4882
4886
4888
4891
4892
4893
4895
4896
4897
4899
4900
4901
4904
4906
4909
4910
4911
4918
4919
4920
4922
4925
4926
4928
4929
4930
4932
4934
4936
4938
4942
4943
4944
4951
4953
4954
4955
4960
4962
4963
4964
4965
4967
4968
4970
4972
4973
4974
4975
4976
4977
4978
4983
4984
4985
4987
4988
4989
4990
4992
4995
4998
4999
5000
5001
5008
5009
5010
5011
5012
5014
5015
5016
5017
5018
5019
5020
5022
5023
5024
5025
5026
5027
5032
5033
5034
5036
5037
5038
5039
5040
5046
5047
5048
5051
5053
5055
5056
5058
5061
5062
5064
5065
5067
5070
5071
5080
5086
5088
5089
5090
5091
5092
5093
5094
5095
5096
5099
5101
5102
5104
5105
5107
5108
5110
5111
5114
5116
5118
5120
5122
5123
5124
5125
5127
5128
5132
5133
5134
5135
5136
5137
5140
5141
5143
5144
5145
5146
5147
5148
5149
5150
5154
5155
5156
5157
5161
5162
5163
5164
5165
5167
5171
5174
5175
5176
5180
5181
5182
5183
5185
5186
5191
5192
5193
5196
5197
5199
5200
5203
5204
5205
5207
5209
5210
5211
5212
5213
5214
5216
5217
5220
5221
5225
5231
5232
5233
5234
5235
5236
5237
5238
5239
5241
5244
5245
5249
5250
5251
5253
5254
5257
5261
5264
5265
5267
5268
5269
5270
5272
5273
5278
5280
5281
5283
5289
5290
5291
5292
5293
5294
5295
5296
5297
5298
5299
5300
5305
5306
5307
5308
5309
5311
5312
5315
5317
5318
5319
5321
5322
5326
5328
5330
5332
5333
5335
5336
5337
5338
5340
5341
5343
5346
5347
5348
5349
5352
5353
5354
5355
5360
5363
5364
5365
5367
5368
5372
5374
5375
5378
5379
5380
5381
5382
5383
5385
5387
5388
5389
5390
5392
5394
5399
5400
5402
5403
5404
5405
5406
5407
5412
5415
5417
5418
5419
5420
5424
5425
5426
5427
5428
5432
5433
5434
5435
5438
5439
5441
5447
5449
5450
5451
5453
5454
5456
5457
5458
5460
5461
5463
5465
5467
5468
5470
5471
5472
5473
5474
5476
5478
5479
5481
5485
5486
5489
5490
5491
5493
5494
5495
5496
5498
5500
5501
5502
5505
5506
5508
5510
5511
5512
5513
5514
5515
5516
5517
5520
5521
5522
5523
5527
5531
5534
5536
5539
5541
5542
5544
5548
5549
5550
5553
5555
5558
5560
5563
5565
5566
5567
5569
5574
5576
5577
5578
5579
5581
5582
5583
5584
5587
5588
5589
5590
5591
5593
5594
5595
5596
5597
5600
5603
5604
5607
5611
5612
5614
5615
5619
5621
5623
5625
5626
5627
5628
5629
5630
5631
5632
5633
5635
5639
5640
5642
5643
5644
5645
5646
5647
5648
5650
5652
5653
5656
5657
5660
5663
5664
5665
5666
5668
5669
5670
5674
5675
5676
5677
5684
5686
5687
5688
5690
5692
5693
5695
5699
5700
5703
5704
5706
5708
5709
5713
5715
5718
5719
5722
5723
5724
5725
5727
5729
5731
5733
5735
5740
5742
5743
5744
5746
5747
5748
5750
5751
5753
5754
5755
5758
5761
5765
5766
5768
5769
5770
5772
5774
5775
5776
5777
5779
5781
5782
5783
5784
5786
5787
5788
5790
5791
5793
5795
5796
5802
5803
5804
5805
5806
5809
5814
5815
5817
5819
5820
5821
5825
5826
5827
5830
5831
5832
5834
5836
5837
5838
5841
5843
5844
5846
5847
5848
5850
5851
5852
5853
5854
5856
5859
5860
5861
5862
5863
5864
5868
5869
5870
5871
5872
5873
5874
5876
5882
5883
5885
5888
5889
5891
5893
5897
5899
5900
5901
5903
5904
5907
5908
5909
5910
5913
5915
5917
5919
5921
5922
5923
5926
5928
5930
5932
5933
5934
5935
5936
5937
5941
5942
5944
5947
5948
5949
5952
5956
5961
5965
5968
5969
5970
5971
5973
5974
5975
5977
5980
5981
5984
5985
5986
5987
5990
5991
5992
5994
5998
6000
6001
6002
6003
6005
6006
6008
6009
6010
6011
6012
6013
6014
6015
6017
6021
6022
6025
6026
6027
6030
6032
6033
6034
6036
6037
6038
6041
6042
6043
6044
6046
6047
6051
6053
6055
6057
6058
6059
6060
6061
6062
6063
6064
6067
6068
6071
6074
6078
6079
6081
6083
6086
6087
6088
6089
6090
6092
6095
6096
6100
6101
6107
6108
6109
6112
6113
6114
6117
6119
6120
6121
6123
6126
6127
6129
6131
6132
6133
6135
6138
6140
6141
6142
6144
6145
6147
6150
6151
6152
6153
6154
6155
6157
6158
6159
6160
6161
6162
6163
6166
6167
6168
6170
6171
6172
6174
6176
6177
6178
6179
6180
6183
6184
6187
6188
6189
6190
6192
6194
6196
6198
6200
6201
6202
6204
6205
6208
6209
6210
6211
6212
6213
6214
6215
6216
6217
6219
6220
6221
6223
6224
6228
6232
6235
6237
6239
6240
6241
6242
6243
6244
6246
6248
6249
6251
6255
6257
6258
6259
6262
6263
6264
6265
6266
6267
6268
6270
6273
6275
6277
6278
6279
6281
6282
6283
6284
6289
6290
6294
6296
6297
6300
6301
6302
6303
6304
6305
6306
6309
6310
6312
6313
6316
6320
6321
6322
6323
6325
6328
6329
6330
6332
6333
6334
6335
6336
6338
6339
6341
6342
6344
6345
6347
6350
6351
6353
6354
6355
6357
6358
6360
6362
6366
6369
6377
6379
6381
6382
6383
6384
6387
6389
6390
6391
6393
6394
6395
6396
6397
6398
6399
6400
6401
6407
6408
6410
6411
6412
6418
6419
6421
6422
6423
6425
6426
6429
6431
6433
6437
6439
6440
6441
6444
6448
6451
6452
6454
6456
6457
6458
6459
6460
6461
6463
6464
6466
6467
6468
6470
6472
6474
6475
6477
6478
6479
6480
6481
6484
6487
6488
6489
6492
6493
6494
6495
6498
6499
6500
6501
6503
6504
6505
6506
6507
6508
6509
6512
6514
6515
6516
6518
6519
6521
6522
6523
6525
6530
6531
6533
6537
6541
6544
6545
6548
6549
6550
6552
6553
6554
6556
6559
6560
6561
6562
6564
6565
6566
6570
6572
6574
6576
6577
6578
6580
6581
6582
6584
6585
6586
6587
6589
6590
6592
6593
6594
6596
6598
6602
6603
6605
6607
6609
6610
6611
6612
6613
6614
6617
6618
6619
6620
6621
6622
6624
6625
6627
6628
6629
6631
6633
6635
6637
6638
6639
6640
6642
6643
6645
6646
6649
6650
6652
6653
6655
6656
6657
6658
6659
6663
6664
6665
6667
6668
6670
6672
6676
6677
6678
6679
6680
6683
6684
6685
6687
6688
6689
6690
6691
6693
6694
6695
6696
6699
6700
6702
6703
6705
6708
6711
6713
6714
6716
6717
6718
6720
6723
6727
6728
6729
6730
6732
6734
6736
6737
6740
6741
6743
6744
6746
6747
6748
6749
6751
6752
6756
6758
6759
6761
6763
6768
6770
6771
6772
6773
6775
6776
6778
6779
6780
6781
6787
6788
6789
6791
6792
6793
6794
6796
6798
6799
6800
6801
6805
6806
6808
6809
6810
6811
6812
6813
6816
6817
6818
6821
6822
6823
6824
6828
6829
6830
6832
6833
6835
6837
6838
6839
6841
6843
6846
6847
6848
6851
6852
6853
6854
6855
6856
6857
6859
6860
6861
6862
6865
6866
6867
6868
6869
6870
6876
6877
6879
6880
6882
6883
6884
6886
6889
6890
6893
6894
6895
6896
6898
6899
6904
6907
6909
6912
6914
6915
6916
6917
6918
6919
6921
6922
6925
6928
6930
6934
6935
6936
6938
6940
6944
6945
6948
6949
6950
6951
6952
6954
6957
6958
6962
6964
6965
6966
6967
6970
6971
6972
6976
6978
6979
6982
6983
6984
6985
6986
6987
6988
6989
6990
6991
6992
6993
6994
6997
6999
7000
7001
7002
7005
7007
7008
7009
7010
7016
7017
7018
7019
7020
7021
7022
7023
7024
7025
7026
7027
7029
7030
7031
7034
7037
7038
7040
7041
7042
7043
7045
7046
7047
7049
7051
7052
7053
7054
7057
7062
7064
7065
7067
7068
7069
7071
7072
7073
7075
7077
7078
7080
7081
7082
7083
7084
7085
7086
7087
7088
7089
7092
7098
7099
7100
7103
7104
7105
7106
7108
7109
7113
7114
7115
7116
7117
7122
7123
7124
7127
7131
7133
7138
7140
7141
7142
7144
7145
7147
7148
7149
7150
7151
7152
7154
7156
7157
7160
7162
7163
7164
7165
7166
7167
7169
7173
7174
7176
7177
7179
7180
7181
7182
7184
7185
7188
7189
7193
7195
7197
7198
7199
7201
7202
7203
7204
7206
7207
7208
7209
7212
7213
7214
7217
7219
7221
7223
7228
7230
7233
7236
7242
7243
7244
7245
7246
7247
7248
7249
7250
7251
7252
7253
7254
7255
7260
7261
7262
7264
7265
7266
7267
7269
7271
7272
7273
7274
7275
7278
7279
7281
7282
7283
7287
7288
7290
7292
7293
7294
7296
7297
7300
7301
7302
7306
7307
7308
7309
7310
7311
7314
7316
7318
7320
7321
7324
7325
7327
7328
7331
7332
7337
7339
7340
7341
7342
7344
7347
7348
7349
7351
7357
7359
7361
7362
7363
7364
7367
7368
7371
7372
7373
7374
7380
7382
7384
7385
7387
7389
7391
7392
7394
7395
7396
7397
7398
7399
7400
7403
7404
7406
7409
7410
7413
7414
7415
7416
7418
7421
7422
7423
7424
7426
7427
7428
7431
7433
7434
7435
7436
7437
7438
7439
7441
7443
7444
7445
7446
7447
7452
7453
7454
7456
7457
7458
7460
7463
7466
7467
7468
7473
7474
7476
7477
7478
7479
7482
7483
7485
7486
7488
7489
7490
7491
7494
7497
7498
7499
7500
7501
7504
7507
7508
7510
7511
7512
7513
7514
7517
7520
7521
7523
7524
7525
7528
7531
7532
7533
7540
7541
7542
7543
7546
7553
7556
7559
7560
7561
7562
7565
7566
7567
7568
7570
7571
7572
7575
7576
7577
7579
7583
7587
7589
7590
7591
7593
7596
7597
7598
7599
7600
7602
7604
7605
7607
7608
7609
7611
7613
7614
7615
7616
7617
7618
7619
7621
7627
7628
7630
7631
7635
7636
7637
7639
7640
7641
7642
7643
7644
7645
7646
7647
7648
7649
7650
7651
7652
7653
7654
7655
7657
7658
7659
7664
7665
7667
7668
7670
7672
7673
7674
7675
7676
7677
7678
7680
7682
7683
7684
7685
7686
7687
7689
7691
7693
7694
7695
7696
7700
7703
7704
7708
7709
7710
7711
7712
7715
7718
7719
7720
7721
7722
7724
7725
7726
7731
7733
7734
7735
7736
7738
7739
7741
7742
7743
7745
7747
7748
7750
7752
7753
7756
7761
7763
7765
7766
7767
7769
7770
7771
7773
7774
7775
7778
7780
7782
7785
7786
7787
7788
7789
7791
7792
7793
7796
7797
7798
7799
7800
7801
7802
7804
7805
7808
7809
7810
7811
7813
7815
7816
7818
7819
7820
7821
7822
7824
7825
7832
7833
7835
7837
7838
7841
7842
7843
7844
7845
7846
7847
7850
7851
7853
7854
7857
7860
7861
7865
7866
7868
7872
7873
7874
7876
7879
7881
7882
7887
7888
7891
7892
7895
7896
7897
7899
7904
7906
7907
7908
7911
7912
7915
7916
7917
7918
7920
7922
7924
7925
7926
7927
7928
7929
7930
7931
7933
7934
7935
7938
7939
7942
7944
7945
7946
7949
7950
7951
7954
7956
7959
7961
7962
7968
7969
7970
7971
7972
7973
7975
7978
7979
7980
7981
7982
7983
7984
7987
7988
7989
7992
7993
7994
7995
7996
7999
8001
8002
8003
8007
8008
8010
8011
8012
8013
8014
8017
8018
8021
8022
8023
8024
8026
8032
8035
8036
8037
8039
8041
8042
8043
8047
8048
8049
8050
8053
8054
8055
8056
8057
8058
8063
8064
8065
8066
8067
8069
8070
8073
8076
8078
8079
8081
8082
8083
8084
8085
8086
8087
8088
8089
8090
8091
8092
8093
8094
8096
8098
8100
8101
8102
8103
8106
8107
8111
8112
8113
8114
8116
8117
8118
8119
8120
8121
8122
8123
8124
8125
8126
8127
8129
8130
8132
8134
8135
8136
8137
8138
8139
8140
8142
8143
8144
8145
8149
8150
8151
8152
8155
8156
8157
8160
8161
8162
8164
8165
8169
8171
8172
8173
8175
8176
8179
8180
8183
8185
8186
8187
8188
8190
8192
8193
8194
8195
8196
8197
8199
8202
8203
8204
8205
8211
8213
8215
8216
8218
8220
8221
8222
8223
8224
8225
8226
8228
8229
8230
8232
8233
8234
8235
8236
8239
8240
8241
8245
8247
8248
8250
8251
8252
8253
8255
8256
8259
8260
8261
8262
8263
8265
8266
8268
8269
8271
8272
8274
8275
8277
8278
8280
8281
8282
8286
8287
8289
8291
8293
8294
8298
8299
8301
8302
8304
8305
8307
8309
8310
8311
8312
8313
8314
8315
8317
8320
8321
8322
8324
8325
8326
8327
8328
8330
8332
8333
8335
8338
8339
8340
8342
8343
8344
8345
8346
8348
8350
8352
8355
8359
8360
8364
8365
8366
8368
8369
8370
8371
8372
8373
8378
8379
8380
8381
8382
8383
8384
8388
8390
8392
8393
8394
8395
8396
8400
8402
8403
8404
8405
8406
8408
8409
8410
8411
8412
8416
8417
8418
8422
8423
8424
8425
8426
8429
8430
8431
8432
8433
8435
8436
8437
8439
8440
8441
8443
8444
8446
8447
8450
8451
8453
8454
8455
8457
8460
8461
8462
8464
8466
8467
8468
8471
8472
8475
8476
8477
8479
8480
8482
8483
8485
8486
8487
8489
8491
8493
8494
8495
8496
8498
8499
8500
8501
8502
8503
8507
8509
8510
8517
8518
8522
8523
8526
8528
8531
8532
8533
8534
8536
8538
8540
8542
8544
8547
8548
8551
8552
8553
8555
8558
8560
8561
8562
8564
8566
8567
8569
8570
8572
8573
8574
8575
8576
8577
8578
8579
8581
8582
8586
8587
8588
8589
8590
8592
8593
8594
8595
8596
8597
8599
8602
8603
8604
8606
8607
8608
8611
8612
8614
8616
8618
8620
8622
8624
8626
8627
8631
8633
8634
8635
8636
8637
8640
8641
8644
8645
8646
8647
8649
8650
8651
8653
8655
8656
8657
8660
8661
8662
8663
8665
8667
8668
8669
8671
8675
8676
8677
8678
8679
8680
8682
8687
8689
8690
8693
8694
8700
8701
8702
8704
8707
8708
8709
8710
8711
8712
8716
8718
8721
8722
8724
8728
8731
8734
8736
8738
8739
8741
8742
8743
8745
8746
8747
8749
8750
8752
8755
8756
8757
8758
8759
8760
8762
8763
8764
8765
8766
8768
8771
8772
8774
8775
8776
8777
8780
8781
8783
8784
8786
8789
8791
8792
8795
8797
8798
8799
8800
8802
8804
8805
8809
8810
8815
8816
8819
8820
8821
8823
8824
8825
8827
8828
8829
8830
8831
8832
8834
8836
8837
8839
8840
8843
8844
8845
8847
8848
8849
8850
8852
8853
8854
8856
8857
8858
8859
8861
8862
8864
8866
8867
8868
8870
8873
8874
8875
8877
8880
8882
8883
8884
8885
8886
8890
8891
8895
8897
8899
8901
8902
8906
8907
8913
8914
8918
8919
8920
8921
8922
8923
8924
8927
8929
8931
8932
8933
8934
8936
8937
8938
8939
8941
8942
8944
8945
8946
8947
8949
8950
8951
8953
8954
8955
8957
8958
8959
8961
8963
8964
8967
8968
8969
8972
8974
8975
8977
8978
8980
8981
8984
8986
8987
8988
8993
8994
8996
8997
8998
9000
9002
9003
9004
9006
9009
9012
9013
9018
9019
9020
9021
9022
9023
9024
9027
9030
9032
9033
9034
9037
9039
9042
9043
9044
9049
9050
9052
9053
9054
9055
9057
9060
9064
9065
9066
9067
9068
9070
9071
9072
9073
9074
9075
9079
9080
9082
9083
9085
9086
9087
9089
9094
9096
9097
9101
9104
9106
9107
9108
9109
9111
9113
9114
9115
9116
9117
9118
9119
9120
9122
9123
9125
9126
9128
9130
9134
9135
9136
9137
9139
9141
9142
9143
9144
9146
9149
9150
9151
9152
9153
9154
9157
9159
9162
9163
9164
9166
9167
9169
9171
9172
9173
9174
9176
9178
9183
9184
9185
9186
9187
9190
9191
9192
9193
9194
9195
9197
9198
9200
9202
9207
9209
9210
9212
9213
9214
9215
9217
9219
9221
9223
9226
9228
9229
9230
9231
9232
9233
9234
9235
9236
9238
9240
9242
9243
9245
9246
9247
9248
9250
9251
9252
9253
9254
9255
9258
9260
9262
9265
9267
9269
9272
9273
9274
9275
9276
9277
9279
9280
9281
9283
9287
9288
9289
9290
9291
9293
9296
9297
9298
9299
9300
9301
9302
9303
9304
9306
9307
9308
9309
9310
9314
9315
9317
9322
9324
9325
9327
9328
9331
9332
9334
9335
9337
9338
9339
9340
9342
9344
9345
9347
9348
9350
9352
9353
9357
9358
9359
9360
9361
9362
9363
9364
9366
9367
9369
9370
9372
9373
9375
9378
9380
9381
9382
9385
9386
9387
9388
9390
9391
9393
9394
9395
9396
9397
9399
9400
9401
9402
9405
9406
9407
9409
9413
9415
9416
9417
9420
9421
9428
9429
9433
9435
9436
9441
9445
9447
9449
9450
9451
9452
9453
9454
9456
9458
9459
9460
9462
9463
9465
9467
9468
9469
9472
9473
9475
9476
9477
9479
9480
9481
9482
9483
9484
9487
9493
9494
9495
9497
9498
9499
9500
9502
9503
9507
9508
9510
9511
9513
9514
9515
9519
9520
9525
9526
9527
9529
9532
9533
9534
9535
9536
9537
9538
9539
9541
9542
9546
9547
9548
9549
9550
9551
9552
9554
9555
9558
9559
9560
9562
9565
9569
9570
9571
9572
9577
9578
9579
9583
9585
9589
9590
9592
9593
9595
9601
9602
9603
9604
9605
9606
9607
9616
9618
9620
9622
9623
9625
9627
9629
9631
9633
9634
9635
9637
9638
9640
9641
9642
9643
9645
9646
9648
9650
9651
9653
9656
9657
9658
9660
9663
9666
9667
9668
9669
9670
9671
9672
9673
9676
9682
9683
9687
9688
9692
9693
9695
9696
9700
9701
9703
9704
9705
9708
9709
9710
9711
9713
9715
9716
9719
9720
9721
9723
9726
9728
9730
9733
9737
9738
9739
9744
9745
9747
9748
9750
9751
9752
9753
9754
9755
9756
9758
9761
9762
9763
9766
9767
9770
9773
9776
9777
9780
9781
9782
9783
9784
9785
9786
9787
9793
9794
9795
9796
9797
9798
9799
9800
9801
9805
9806
9808
9809
9810
9811
9812
9813
9814
9820
9821
9822
9823
9824
9826
9828
9831
9833
9834
9836
9837
9839
9841
9842
9845
9846
9847
9848
9849
9851
9852
9853
9859
9860
9867
9868
9869
9872
9873
9874
9875
9876
9877
9878
9879
9880
9881
9883
9884
9886
9887
9888
9890
9891
9892
9895
9896
9899
9900
9901
9903
9906
9908
9909
9910
9911
9914
9915
9916
9917
9918
9919
9922
9923
9925
9928
9930
9933
9934
9935
9938
9940
9941
9943
9944
9945
9948
9949
9950
9952
9954
9955
9956
9957
9960
9961
9962
9964
9965
9967
9968
9970
9973
9974
9975
9977
9980
9981
9982
9984
9985
9987
9988
9992
9994
9995
9996
9998
9999
10000
10001
10004
10005
10006
10007
10008
10009
10010
10012
10013
10015
10016
10018
10019
10020
10021
10024
10026
10027
10028
10029
10030
10032
10033
10034
10036
10038
10039
10041
10042
10043
10044
10047
10048
10050
10051
10052
10053
10054
10055
10056
10058
10059
10060
10062
10066
10067
10068
10069
10071
10072
10073
10075
10076
10077
10078
10079
10080
10082
10085
10086
10088
10091
10093
10095
10096
10097
10098
10099
10101
10103
10105
10106
10108
10109
10111
10112
10117
10119
10120
10121
10122
10123
10124
10127
10128
10129
10130
10132
10133
10135
10136
10137
10138
10139
10140
10141
10142
10143
10145
10147
10148
10149
10151
10152
10155
10156
10157
10161
10162
10163
10165
10166
10167
10168
10169
10172
10174
10175
10176
10177
10178
10179
10181
10186
10187
10188
10189
10191
10192
10193
10195
10196
10198
10199
10200
10202
10204
10205
10206
10207
10208
10210
10213
10214
10215
10216
10217
10218
10223
10226
10227
10228
10229
10234
10235
10238
10239
10240
10241
10242
10244
10245
10246
10247
10252
10253
10254
10255
10258
10259
10260
10264
10265
10267
10268
10269
10270
10271
10273
10276
10278
10279
10281
10282
10284
10286
10291
10293
10294
10296
10297
10299
10300
10302
10304
10305
10306
10308
10310
10311
10312
10316
10318
10321
10324
10327
10329
10335
10337
10338
10339
10340
10341
10342
10343
10344
10345
10346
10348
10349
10350
10351
10352
10353
10355
10356
10357
10358
10359
10361
10363
10365
10366
10367
10368
10371
10374
10375
10376
10377
10378
10379
10380
10384
10385
10386
10390
10391
10393
10394
10395
10397
10398
10401
10403
10404
10405
10406
10408
10411
10412
10414
10415
10417
10421
10422
10423
10424
10425
10426
10427
10428
10430
10431
10434
10435
10438
10440
10442
10444
10445
10446
10447
10448
10449
10450
10451
10454
10455
10457
10460
10461
10463
10464
10465
10469
10470
10471
10472
10473
10474
10477
10478
10479
10481
10482
10483
10491
10493
10495
10496
10497
10498
10499
10501
10502
10503
10506
10509
10511
10512
10514
10515
10516
10520
10521
10522
10523
10524
10525
10526
10529
10530
10531
10533
10535
10536
10538
10540
10541
10543
10545
10546
10547
10550
10551
10555
10557
10558
10560
10561
10562
10563
10564
10565
10568
10569
10570
10571
10572
10573
10574
10576
10577
10579
10582
10586
10587
10588
10589
10590
10591
10592
10593
10596
10598
10599
10600
10605
10606
10607
10609
10610
10611
10613
10614
10615
10618
10621
10622
10623
10624
10627
10628
10631
10632
10634
10635
10637
10638
10639
10642
10645
10649
10650
10651
10653
10654
10655
10656
10657
10659
10661
10663
10664
10665
10667
10669
10670
10671
10673
10674
10675
10676
10679
10680
10684
10685
10687
10688
10690
10691
10692
10693
10696
10698
10699
10700
10701
10705
10708
10709
10711
10714
10715
10717
10718
10719
10721
10723
10726
10729
10730
10733
10734
10735
10736
10737
10738
10739
10742
10743
10744
10746
10747
10748
10751
10759
10760
10761
10763
10764
10765
10768
10770
10773
10775
10776
10778
10779
10782
10784
10786
10787
10788
10790
10792
10794
10796
10798
10799
10802
10807
10811
10812
10813
10814
10816
10817
10818
10820
10822
10823
10824
10827
10828
10831
10832
10833
10834
10841
10842
10844
10845
10848
10850
10851
10854
10855
10857
10862
10864
10865
10867
10868
10869
10870
10872
10874
10876
10877
10879
10880
10881
10885
10887
10888
10889
10890
10892
10893
10896
10897
10898
10899
10900
10902
10903
10907
10908
10910
10911
10912
10913
10915
10917
10918
10919
10920
10921
10923
10924
10927
10930
10931
10932
10934
10935
10938
10939
10942
10945
10946
10948
10949
10950
10953
10955
10957
10959
10961
10962
10963
10966
10967
10968
10969
10970
10971
10973
10974
10976
10980
10981
10983
10985
10986
10988
10991
10992
10995
10996
10998
10999
11000
11001
11002
11004
11005
11008
11009
11011
11015
11016
11017
11018
11019
11021
11023
11024
11029
11031
11034
11035
11037
11038
11039
11041
11042
11043
11046
11047
11050
11051
11053
11054
11055
11056
11058
11059
11061
11062
11063
11067
11069
11070
11071
11072
11074
11076
11078
11079
11080
11082
11083
11084
11085
11086
11088
11089
11090
11092
11093
11094
11095
11096
11099
11100
11101
11102
11103
11106
11110
11113
11120
11122
11123
11124
11125
11128
11130
11132
11134
11135
11136
11137
11138
11142
11143
11144
11145
11150
11152
11153
11154
11156
11157
11158
11159
11160
11161
11162
11165
11166
11168
11169
11170
11171
11173
11174
11175
11176
11178
11179
11182
11185
11186
11188
11189
11190
11191
11192
11193
11195
11198
11199
11200
11201
11203
11205
11206
11207
11208
11209
11210
11212
11213
11214
11215
11217
11219
11220
11221
11222
11224
11227
11228
11233
11234
11237
11238
11239
11242
11244
11245
11247
11249
11250
11252
11253
11254
11255
11259
11261
11263
11267
11269
11270
11271
11272
11275
11277
11279
11283
11284
11289
11290
11291
11292
11294
11296
11298
11301
11304
11306
11308
11309
11310
11312
11313
11314
11315
11318
11320
11322
11323
11325
11326
11327
11329
11330
11332
11333
11337
11340
11341
11343
11344
11345
11346
11347
11349
11350
11353
11354
11355
11356
11360
11361
11362
11363
11364
11365
11366
11367
11368
11369
11370
11371
11372
11373
11374
11375
11376
11377
11378
11379
11380
11382
11383
11385
11386
11388
11389
11390
11394
11395
11396
11398
11400
11403
11406
11407
11408
11409
11410
11411
11414
11419
11420
11421
11422
11423
11426
11428
11429
11430
11432
11433
11436
11437
11439
11440
11441
11442
11443
11444
11445
11447
11450
11452
11453
11454
11461
11463
11464
11465
11467
11469
11470
11471
11473
11474
11477
11478
11479
11480
11481
11483
11486
11487
11490
11492
11494
11496
11497
11498
11503
11504
11505
11507
11508
11510
11513
11514
11515
11516
11517
11518
11519
11522
11523
11525
11529
11535
11536
11538
11539
11543
11545
11547
11548
11550
11551
11553
11554
11555
11556
11557
11558
11560
11561
11562
11563
11564
11565
11568
11569
11570
11571
11576
11578
11580
11582
11583
11586
11587
11588
11589
11590
11591
11592
11593
11594
11595
11596
11598
11600
11601
11602
11603
11605
11607
11608
11609
11610
11612
11613
11615
11617
11618
11619
11622
11623
11624
11626
11627
11628
11629
11631
11632
11633
11636
11637
11638
11639
11642
11643
11648
11650
11651
11652
11653
11654
11656
11657
11658
11659
11660
11662
11665
11667
11668
11670
11671
11672
11674
11675
11676
11679
11680
11682
11686
11687
11688
11692
11693
11694
11695
11696
11697
11698
11700
11701
11702
11703
11706
11707
11708
11709
11710
11711
11714
11715
11716
11719
11720
11721
11723
11726
11730
11731
11732
11733
11734
11735
11736
11741
11742
11743
11744
11745
11746
11751
11753
11754
11755
11757
11758
11759
11760
11762
11764
11768
11770
11771
11772
11777
11778
11780
11782
11783
11784
11785
11786
11787
11788
11789
11790
11791
11793
11795
11796
11799
11801
11802
11803
11805
11809
11810
11811
11812
11813
11814
11815
11816
11817
11820
11822
11823
11825
11826
11827
11828
11829
11832
11833
11834
11835
11836
11838
11839
11841
11842
11844
11845
11846
11847
11849
11850
11851
11853
11854
11855
11857
11858
11860
11861
11862
11867
11868
11869
11871
11876
11878
11880
11881
11882
11884
11885
11886
11887
11890
11891
11892
11893
11897
11898
11899
11900
11901
11903
11905
11906
11907
11908
11910
11911
11915
11916
11917
11918
11919
11920
11921
11922
11923
11925
11928
11929
11930
11932
11934
11937
11938
11939
11940
11944
11945
11947
11948
11951
11952
11955
11956
11961
11965
11967
11969
11971
11972
11973
11975
11976
11977
11978
11979
11980
11981
11982
11984
11985
11986
11989
11990
11991
11992
11993
11997
11999
12001
12002
12005
12006
12007
12008
12009
12012
12013
12014
12015
12017
12018
12019
12020
12022
12024
12025
12026
12027
12028
12029
12030
12033
12035
12036
12037
12039
12041
12044
12045
12046
12047
12050
12051
12052
12054
12055
12059
12060
12061
12063
12064
12065
12066
12067
12068
12069
12070
12071
12072
12075
12076
12077
12079
12080
12081
12082
12085
12086
12088
12089
12093
12096
12097
12098
12100
12103
12106
12109
12110
12112
12113
12114
12115
12117
12118
12120
12123
12125
12128
12130
12132
12134
12135
12136
12137
12140
12141
12143
12144
12145
12146
12147
12148
12149
12151
12155
12161
12162
12164
12165
12167
12168
12170
12172
12173
12174
12176
12177
12178
12181
12184
12185
12187
12188
12189
12190
12191
12192
12193
12195
12196
12200
12201
12204
12205
12206
12207
12210
12213
12214
12216
12218
12219
12220
12221
12222
12223
12226
12228
12229
12230
12232
12233
12234
12239
12240
12242
12243
12246
12247
12249
12251
12253
12254
12257
12259
12260
12261
12262
12263
12267
12268
12271
12272
12273
12275
12277
12278
12279
12280
12281
12282
12284
12285
12287
12288
12289
12292
12294
12295
12297
12298
12299
12300
12301
12302
12304
12305
12306
12307
12312
12315
12316
12317
12319
12323
12324
12326
12328
12329
12330
12332
12334
12335
12336
12337
12338
12339
12340
12343
12344
12345
12346
12349
12351
12352
12353
12355
12356
12357
12358
12362
12364
12365
12366
12367
12369
12370
12371
12372
12373
12374
12375
12376
12377
12378
12379
12381
12382
12383
12384
12386
12387
12392
12393
12394
12397
12398
12400
12401
12402
12403
12404
12405
12407
12408
12410
12412
12414
12415
12417
12418
12421
12423
12425
12426
12431
12432
12435
12436
12437
12438
12442
12443
12445
12446
12447
12448
12449
12450
12451
12452
12454
12456
12457
12458
12459
12462
12465
12466
12468
12469
12470
12472
12473
12474
12475
12476
12478
12479
12482
12483
12484
12486
12487
12493
12494
12496
12499
12500
12501
12502
12503
12504
12505
12506
12508
12509
12512
12514
12515
12517
12519
12520
12521
12522
12524
12526
12527
12529
12530
12533
12534
12535
12536
12537
12539
12540
12541
12542
12543
12545
12547
12548
12549
12550
12551
12554
12555
12557
12558
12561
12562
12563
12564
12565
12568
12572
12573
12576
12579
12581
12582
12583
12587
12590
12591
12592
12593
12594
12595
12598
12599
12602
12604
12605
12606
12608
12609
12610
12611
12613
12614
12619
12620
12622
12624
12628
12629
12630
12632
12633
12635
12639
12640
12641
12642
12644
12645
12646
12650
12651
12652
12656
12657
12658
12659
12660
12661
12664
12665
12666
12667
12668
12669
12670
12671
12672
12673
12675
12676
12678
12679
12681
12682
12684
12686
12687
12688
12692
12696
12697
12698
12701
12702
12705
12707
12708
12709
12710
12711
12713
12714
12716
12718
12719
12720
12721
12722
12723
12724
12725
12728
12729
12732
12733
12734
12737
12740
12743
12744
12745
12747
12749
12750
12751
12752
12753
12754
12756
12758
12759
12760
12766
12772
12774
12775
12776
12777
12778
12782
12784
12785
12787
12789
12793
12796
12798
12799
12800
12801
12804
12805
12806
12807
12808
12809
12810
12811
12813
12816
12817
12818
12822
12824
12825
12828
12829
12831
12832
12833
12834
12835
12838
12839
12840
12842
12843
12847
12848
12850
12852
12853
12854
12856
12857
12859
12860
12862
12863
12864
12865
12868
12869
12870
12871
12872
12873
12875
12877
12880
12884
12885
12887
12888
12890
12892
12894
12895
12900
12901
12903
12906
12907
12908
12909
12910
12911
12912
12915
12917
12920
12921
12922
12924
12925
12926
12927
12929
12930
12931
12932
12933
12936
12939
12940
12941
12942
12944
12946
12949
12950
12952
12953
12954
12955
12956
12957
12959
12961
12962
12964
12966
12967
12968
12970
12971
12972
12973
12976
12978
12980
12981
12983
12984
12985
12986
12987
12988
12989
12990
12992
12993
12994
12995
12997
12998
13000
13002
13004
13007
13009
13010
13012
13014
13017
13019
13020
13021
13023
13028
13029
13030
13031
13033
13035
13039
13041
13042
13043
13045
13046
13048
13051
13053
13054
13055
13056
13060
13061
13065
13066
13067
13069
13070
13071
13072
13073
13075
13076
13078
13080
13083
13085
13086
13090
13091
13092
13093
13094
13096
13098
13100
13101
13102
13103
13104
13106
13109
13112
13113
13116
13118
13119
13123
13124
13125
13129
13130
13131
13133
13135
13137
13138
13139
13141
13142
13144
13145
13146
13147
13148
13149
13151
13152
13153
13154
13155
13156
13158
13161
13163
13167
13168
13169
13173
13175
13177
13179
13181
13183
13184
13187
13189
13190
13191
13193
13194
13196
13197
13198
13199
13200
13201
13204
13207
13209
13210
13213
13215
13220
13222
13223
13224
13225
13226
13228
13229
13230
13231
13233
13234
13236
13239
13241
13242
13243
13244
13245
13246
13247
13249
13250
13251
13252
13254
13258
13259
13260
13261
13262
13263
13266
13267
13271
13272
13274
13275
13276
13277
13278
13279
13281
13282
13283
13285
13288
13289
13290
13293
13295
13296
13297
13299
13301
13305
13306
13307
13310
13311
13313
13314
13315
13316
13317
13318
13319
13323
13325
13327
13329
13331
13332
13337
13338
13342
13343
13345
13347
13348
13349
13351
13352
13353
13354
13355
13356
13357
13359
13362
13363
13364
13366
13368
13369
13371
13374
13375
13378
13379
13381
13382
13384
13385
13388
13389
13390
13393
13394
13395
13398
13400
13401
13404
13405
13412
13414
13415
13416
13419
13421
13422
13424
13426
13427
13429
13431
13433
13434
13435
13436
13437
13438
13439
13440
13441
13442
13443
13444
13445
13446
13448
13450
13452
13453
13454
13455
13456
13457
13458
13459
13460
13463
13464
13467
13468
13469
13470
13475
13476
13477
13478
13480
13481
13483
13484
13485
13487
13490
13491
13494
13495
13496
13497
13498
13499
13500
13501
13502
13503
13505
13507
13509
13511
13512
13513
13514
13516
13519
13520
13522
13523
13526
13527
13529
13530
13531
13532
13533
13534
13535
13537
13539
13540
13541
13542
13543
13545
13546
13550
13551
13552
13554
13555
13556
13557
13559
13560
13561
13562
13564
13565
13566
13567
13568
13569
13571
13573
13574
13577
13580
13584
13586
13587
13589
13592
13593
13595
13597
13598
13599
13601
13602
13604
13609
13612
13613
13615
13616
13617
13618
13619
13620
13624
13627
13630
13633
13637
13638
13640
13641
13642
13643
13644
13645
13646
13648
13649
13652
13654
13656
13658
13659
13660
13661
13662
13663
13664
13665
13666
13669
13670
13671
13672
13673
13676
13677
13679
13682
13683
13684
13685
13687
13688
13689
13690
13692
13693
13694
13696
13697
13698
13700
13706
13709
13710
13711
13713
13714
13715
13717
13720
13721
13722
13724
13725
13726
13728
13729
13732
13735
13736
13737
13738
13739
13741
13743
13744
13745
13746
13748
13750
13752
13754
13755
13756
13757
13758
13759
13760
13761
13764
13766
13767
13768
13769
13773
13775
13776
13777
13778
13780
13782
13785
13786
13787
13788
13789
13790
13791
13792
13795
13796
13797
13801
13802
13805
13806
13810
13815
13816
13818
13819
13820
13823
13825
13826
13829
13830
13835
13836
13837
13838
13840
13841
13842
13843
13846
13848
13850
13852
13853
13854
13856
13857
13861
13862
13863
13864
13865
13866
13872
13873
13878
13880
13882
13883
13885
13888
13890
13896
13898
13899
13900
13902
13903
13904
13905
13907
13908
13909
13910
13911
13912
13913
13914
13917
13918
13919
13920
13922
13923
13924
13926
13928
13930
13932
13933
13935
13937
13941
13942
13943
13945
13946
13948
13950
13951
13952
13953
13954
13955
13956
13959
13961
13962
13963
13964
13965
13966
13967
13969
13970
13971
13972
13977
13978
13979
13982
13983
13984
13986
13988
13989
13990
13993
13995
13996
13997
13998
13999
14001
14002
14005
14008
14009
14010
14011
14013
14014
14015
14017
14019
14020
14021
14023
14024
14028
14030
14032
14034
14035
14037
14038
14040
14041
14043
14044
14047
14050
14053
14055
14056
14058
14060
14062
14063
14065
14067
14070
14071
14072
14073
14077
14078
14080
14082
14083
14084
14085
14086
14087
14088
14090
14092
14094
14095
14096
14097
14098
14099
14100
14102
14106
14107
14108
14110
14111
14113
14114
14117
14118
14119
14122
14124
14126
14128
14129
14130
14131
14132
14133
14134
14135
14136
14138
14139
14140
14141
14142
14143
14145
14148
14151
14154
14155
14156
14158
14160
14161
14163
14164
14165
14166
14167
14168
14170
14171
14172
14174
14175
14176
14178
14179
14180
14182
14183
14184
14185
14186
14189
14190
14191
14192
14194
14195
14196
14197
14200
14204
14207
14208
14212
14213
14215
14219
14220
14221
14222
14224
14227
14228
14229
14230
14232
14234
14235
14236
14237
14238
14239
14243
14244
14245
14246
14248
14250
14251
14252
14254
14255
14256
14259
14264
14265
14266
14267
14268
14269
14270
14274
14275
14276
14277
14278
14279
14281
14283
14285
14286
14287
14289
14290
14292
14294
14296
14298
14299
14300
14301
14302
14305
14307
14310
14312
14314
14315
14316
14317
14318
14319
14320
14321
14322
14324
14325
14326
14327
14328
14329
14333
14334
14335
14336
14339
14340
14343
14345
14347
14350
14351
14353
14355
14356
14357
14358
14359
14361
14362
14363
14368
14369
14370
14371
14374
14377
14378
14380
14381
14382
14384
14385
14386
14387
14388
14389
14390
14391
14392
14393
14395
14397
14398
14400
14401
14402
14403
14404
14405
14406
14407
14408
14410
14411
14412
14413
14415
14418
14419
14420
14421
14422
14423
14424
14425
14426
14428
14429
14430
14431
14434
14435
14437
14438
14440
14444
14445
14446
14447
14448
14450
14451
14453
14456
14459
14460
14462
14467
14468
14469
14470
14471
14472
14473
14475
14476
14478
14480
14483
14485
14486
14487
14488
14490
14492
14493
14496
14499
14500
14501
14502
14503
14506
14507
14508
14519
14520
14522
14523
14524
14525
14527
14528
14530
14534
14536
14542
14543
14545
14546
14548
14550
14552
14554
14557
14558
14559
14560
14561
14562
14563
14565
14566
14573
14576
14577
14578
14579
14581
14582
14583
14584
14585
14586
14589
14593
14595
14598
14599
14600
14601
14603
14604
14606
14607
14611
14613
14617
14618
14619
14620
14621
14624
14630
14631
14632
14634
14636
14637
14638
14639
14640
14641
14642
14645
14647
14648
14649
14650
14651
14652
14653
14654
14656
14661
14662
14663
14665
14666
14667
14668
14669
14671
14672
14673
14674
14675
14676
14677
14678
14679
14680
14681
14682
14685
14686
14687
14688
14689
14691
14692
14693
14694
14695
14696
14697
14698
14699
14700
14703
14704
14705
14706
14707
14708
14709
14710
14712
14713
14714
14715
14716
14718
14719
14721
14722
14724
14726
14727
14728
14729
14731
14732
14733
14735
14737
14739
14740
14741
14743
14744
14746
14747
14748
14749
14750
14751
14752
14753
14754
14755
14756
14757
14758
14759
14760
14761
14762
14763
14765
14766
14767
14768
14769
14771
14772
14773
14774
14776
14777
14778
14779
14780
14781
14782
14783
14784
14785
14786
14787
14788
14791
14792
14793
14794
14795
14796
14798
14799
14800
14802
14803
14805
14806
14807
14808
14809
14811
14812
14813
14814
14815
14816
14817
14818
14819
14821
14822
14823
14824
14826
14827
14828
14829
14831
14832
14833
14834
14836
14838
14839
14840
14842
14843
14844
14845
14846
14847
14848
14849
14850
14851
14853
14854
14856
14857
14858
14859
14862
14863
14864
14866
14867
14868
14872
14873
14874
14875
14876
14877
14880
14881
14882
14883
14884
14885
14886
14887
14888
14889
14890
14891
14892
14893
14895
14896
14897
14898
14899
14900
14901
14902
14903
14904
14905
14906
14907
14908
14909
14910
14913
14915
14917
14918
14919
14920
14921
14923
14926
14928
14929
14930
14931
14932
14933
14935
14937
14938
14939
14940
14941
14945
14946
14947
14948
14949
14950
14951
14952
14953
14955
14956
14957
14958
14959
14960
14961
14962
14963
14964
14965
14966
14967
14968
14969
14972
14974
14975
14976
14977
14978
14979
14980
14981
14982
14983
14985
14986
14987
14989
14990
14991
14992
14993
14994
14995
14996
14997
14998
14999
15001
15003
15004
15005
15007
15008
15009
15010
15011
15012
15013
15015
15017
15018
15019
15023
15024
15025
15026
15027
15028
15029
15030
15031
15032
15033
15034
15035
15036
15037
15038
15039
15040
15041
15043
15044
15045
15046
15047
15048
15049
15050
15051
15052
15053
15055
15056
15057
15058
15060
15062
15063
15064
15067
15068
15070
15071
15072
15073
15074
15076
15077
15078
15079
15080
15082
15083
15085
15086
15087
15088
15089
15090
15091
15092
15093
15094
15095
15096
15097
15099
15100
15101
15103
15104
15106
15109
15110
15111
15112
15113
15115
15116
15117
15118
15119
15121
15122
15123
15124
15125
15126
15127
15128
15129
15130
15131
15132
15133
15134
15135
15136
15137
15138
15139
15140
15141
15142
15143
15144
15145
15146
15147
15148
15149
15151
15153
15154
15155
15156
15158
15159
15160
15161
15162
15164
15166
15167
15168
15169
15170
15171
15172
15173
15176
15177
15178
15180
15181
15182
15183
15184
15186
15187
15188
15189
15191
15193
15194
15196
15198
15200
15201
15204
15206
15207
15208
15209
15212
15213
15214
15215
15217
15218
15219
15220
15221
15222
15223
15225
15227
15229
15231
15232
15233
15234
15235
15236
15238
15240
15243
15244
15245
15246
15247
15248
15250
15251
15252
15253
15254
15255
15256
15258
15259
15260
15261
15262
15263
15264
15266
15268
15269
15270
15271
15272
15273
15274
15275
15276
15277
15278
15280
15281
15282
15283
15286
15287
15288
15289
15290
15292
15293
15295
15297
15298
15299
15300
15301
15302
15303
15304
15305
15306
15307
15308
15309
15310
15311
15313
15314
15315
15316
15318
15319
15320
15322
15323
15324
15327
15332
15333
15334
15335
15336
15337
15338
15339
15341
15342
15343
15344
15347
15348
15349
15350
15351
15352
15353
15354
15356
15357
15358
15359
15360
15361
15363
15367
15368
15369
15370
15371
15372
15373
15374
15375
15378
15379
15380
15381
15382
15383
15384
15386
15388
15389
15390
15391
15392
15393
15394
15395
15396
15397
15398
15399
15400
15403
15404
15405
15406
15407
15409
15410
15411
15412
15413
15414
15416
15417
15418
15419
15420
15421
15424
15425
15426
15428
15430
15431
15432
15433
15434
15435
15436
15437
15438
15439
15440
15442
15443
15445
15446
15447
15448
15450
15451
15452
15454
15455
15457
15458
15459
15460
15461
15462
15463
15464
15465
15467
15468
15469
15470
15471
15472
15473
15474
15476
15477
15478
15479
15480
15481
15482
15483
15484
15485
15487
15488
15489
15490
15491
15492
15493
15494
15495
15496
15497
15498
15499
15500
15501
15502
15503
15505
15506
15507
15508
15509
15511
15513
15514
15516
15517
15518
15520
15521
15522
15524
15526
15527
15528
15529
15530
15531
15532
15533
15534
15536
15538
15539
15540
15541
15542
15544
15545
15546
15547
15549
15551
15552
15553
15554
15555
15556
15558
15559
15560
15561
15562
15563
15564
15565
15568
15570
15571
15573
15575
15576
15577
15578
15579
15580
15581
15582
15584
15586
15587
15588
15589
15590
15591
15594
15595
15596
15597
15598
15599
15600
15601
15602
15603
15605
15606
15607
15608
15609
15610
15611
15612
15613
15615
15616
15617
15620
15621
15622
15623
15624
15625
15626
15627
15628
15629
15630
15631
15632
15635
15636
15637
15638
15639
15640
15642
15645
15646
15647
15648
15649
15650
15651
15652
15653
15654
15655
15656
15657
15661
15662
15663
15666
15668
15669
15670
15671
15672
15673
15674
15675
15676
15677
15678
15679
15680
15681
15682
15683
15684
15685
15687
15688
15690
15692
15693
15694
15695
15696
15697
15698
15699
15700
15701
15702
15703
15705
15706
15707
15709
15710
15711
15712
15713
15714
15715
15716
15718
15719
15720
15721
15722
15723
15724
15725
15726
15727
15728
15730
15731
15733
15734
15735
15736
15737
15738
15739
15740
15741
15742
15743
15744
15745
15746
15747
15748
15749
15750
15751
15752
15753
15754
15755
15756
15758
15759
15760
15761
15762
15763
15764
15765
15766
15768
15769
15771
15772
15773
15774
15776
15778
15779
15781
15782
15783
15784
15786
15787
15788
15790
15792
15793
15794
15795
15797
15798
15799
15800
15801
15802
15803
15804
15805
15806
15808
15809
15810
15811
15812
15813
15814
15815
15816
15817
15818
15822
15823
15824
15825
15826
15827
15828
15829
15833
15834
15836
15837
15838
15840
15841
15842
15843
15844
15845
15847
15848
15849
15850
15852
15853
15854
15855
15856
15858
15859
15862
15863
15864
15866
15867
15868
15869
15870
15871
15872
15873
15875
15876
15877
15878
15879
15881
15882
15883
15884
15886
15887
15888
15890
15891
15892
15893
15894
15895
15896
15897
15898
15899
15900
15902
15903
15904
15905
15906
15908
15909
15910
15911
15912
15913
15914
15915
15916
15919
15920
15921
15922
15923
15924
15926
15927
15929
15930
15931
15932
15933
15934
15936
15937
15939
15940
15941
15942
15943
15944
15945
15946
15947
15948
15949
15950
15952
15954
15956
15957
15959
15961
15962
15963
15965
15966
15967
15968
15969
15970
15971
15972
15973
15974
15975
15976
15977
15978
15979
15980
15981
15982
15984
15985
15986
15987
15988
15989
15990
15991
15992
15993
15994
15995
15996
15997
15998
15999
16000
16001
16002
16004
16005
16006
16007
16009
16010
16011
16012
16013
16016
16017
16018
16019
16021
16024
16025
16026
16027
16028
16029
16030
16031
16032
16033
16034
16035
16038
16040
16041
16042
16044
16045
16046
16047
16048
16049
16051
16052
16053
16054
16055
16056
16057
16058
16059
16060
16061
16062
16065
16067
16070
16071
16072
16073
16074
16075
16076
16077
16078
16079
16080
16081
16082
16083
16084
16085
16086
16088
16089
16090
16091
16093
16094
16095
16096
16097
16098
16099
16100
16102
16103
16104
16105
16106
16107
16108
16110
16111
16112
16113
16114
16115
16116
16117
16118
16119
16120
16121
16123
16124
16125
16126
16128
16129
16131
16132
16133
16134
16135
16137
16138
16139
16140
16141
16142
16143
16144
16145
16146
16147
16148
16149
16150
16151
16154
16155
16157
16159
16160
16162
16163
16164
16166
16167
16168
16169
16170
16172
16173
16174
16175
16176
16179
16181
16183
16184
16185
16186
16187
16189
16190
16191
16192
16193
16194
16195
16196
16197
16198
16199
16200
16201
16203
16204
16205
16206
16207
16208
16209
16211
16212
16213
16215
16216
16217
16218
16220
16221
16222
16223
16224
16225
16227
16228
16229
16230
16231
16232
16235
16236
16237
16238
16239
16240
16242
16245
16246
16247
16250
16251
16252
16253
16254
16255
16256
16257
16258
16259
16260
16261
16262
16263
16264
16265
16266
16267
16268
16269
16270
16271
16272
16274
16275
16276
16279
16280
16281
16282
16283
16284
16286
16287
16288
16289
16291
16292
16293
16295
16297
16298
16299
16300
16301
16303
16304
16305
16306
16308
16309
16310
16311
16312
16313
16314
16315
16316
16317
16320
16322
16323
16325
16326
16327
16328
16329
16330
16331
16332
16333
16334
16335
16337
16338
16339
16340
16341
16342
16343
16345
16346
16347
16349
16350
16351
16353
16354
16355
16356
16357
16359
16360
16361
16363
16364
16365
16366
16367
16368
16369
16370
16371
16372
16373
16374
16375
16376
16377
16378
16380
16381
16382
16383
16384
16386
16388
16389
16390
16391
16392
16393
16394
16395
16396
16397
16398
16399
16400
16401
16403
16405
16406
16408
16409
16410
16413
16414
16416
16417
16418
16419
16420
16423
16424
16425
16426
16427
16428
16429
16431
16432
16433
16434
16435
16436
16437
16438
16439
16440
16441
16444
16445
16446
16447
16448
16449
16450
16451
16452
16453
16454
16455
16457
16458
16459
16460
16461
16462
16463
16464
16466
16467
16468
16469
16470
16471
16472
16473
16474
16475
16476
16477
16478
16480
16481
16482
16483
16486
16487
16488
16489
16490
16492
16494
16497
16499
16500
16501
16502
16503
16504
16505
16506
16507
16510
16511
16512
16513
16515
16516
16517
16518
16519
16520
16521
16522
16524
16526
16527
16528
16529
16530
16531
16532
16533
16534
16535
16536
16537
16538
16539
16540
16541
16542
16543
16546
16548
16549
16550
16551
16552
16553
16555
16556
16560
16561
16562
16563
16564
16565
16566
16567
16568
16571
16572
16573
16574
16575
16576
16577
16578
16579
16580
16581
16582
16583
16584
16585
16586
16588
16589
16590
16591
16592
16594
16595
16597
16598
16599
16601
16602
16603
16604
16605
16606
16609
16610
16611
16613
16614
16616
16617
16618
16619
16620
16621
16622
16623
16624
16626
16628
16629
16631
16632
16634
16636
16637
16638
16639
16640
16642
16643
16644
16645
16647
16648
16649
16651
16652
16653
16654
16655
16656
16657
16658
16659
16660
16661
16662
16663
16665
16666
16667
16668
16669
16670
16671
16672
16674
16675
16676
16677
16678
16679
16680
16682
16683
16684
16685
16686
16687
16688
16689
16690
16691
16693
16694
16695
16696
16698
16699
16700
16701
16702
16703
16704
16705
16706
16707
16708
16709
16710
16711
16713
16714
16716
16717
16718
16722
16723
16725
16726
16728
16730
16731
16732
16734
16735
16736
16737
16738
16739
16740
16741
16743
16744
16745
16746
16747
16748
16751
16752
16753
16754
16755
16757
16758
16759
16760
16761
16762
16763
16764
16765
16766
16768
16772
16773
16774
16775
16776
16777
16778
16780
16781
16782
16783
16784
16785
16786
16789
16790
16792
16793
16794
16795
16796
16797
16798
16799
16800
16801
16803
16805
16806
16807
16808
16809
16810
16811
16814
16815
16816
16817
16818
16819
16820
16821
16822
16823
16825
16828
16829
16831
16832
16833
16834
16835
16836
16837
16838
16840
16841
16842
16844
16845
16846
16847
16848
16849
16850
16851
16854
16855
16856
16858
16859
16861
16862
16863
16865
16867
16869
16871
16872
16873
16876
16877
16878
16880
16881
16882
16883
16884
16886
16887
16888
16889
16890
16891
16892
16893
16894
16895
16896
16897
16898
16901
16902
16903
16904
16905
16906
16907
16909
16910
16911
16912
16913
16914
16915
16916
16917
16918
16919
16920
16921
16922
16923
16924
16925
16926
16929
16930
16931
16932
16933
16934
16935
16936
16938
16939
16940
16941
16942
16943
16944
16945
16946
16949
16950
16951
16952
16953
16955
16956
16957
16958
16960
16961
16962
16963
16965
16966
16967
16968
16970
16971
16973
16974
16975
16976
16977
16979
16980
16981
16983
16984
16986
16988
16989
16990
16993
16994
16997
16998
17000
17001
17002
17003
17004
17005
17006
17008
17012
17014
17015
17016
17017
17018
17019
17020
17021
17022
17024
17025
17026
17027
17028
17029
17032
17033
17034
17035
17036
17038
17039
17041
17042
17044
17045
17050
17051
17052
17053
17054
17055
17056
17057
17058
17059
17060
17061
17062
17065
17066
17067
17068
17070
17071
17072
17073
17074
17076
17077
17078
17079
17080
17082
17084
17085
17086
17089
17090
17092
17095
17096
17097
17098
17100
17101
17104
17105
17109
17110
17111
17112
17113
17114
17116
17117
17118
17120
17121
17125
17126
17127
17128
17129
17132
17133
17134
17135
17136
17137
17138
17139
17140
17141
17142
17143
17144
17145
17146
17147
17148
17149
17153
17154
17155
17156
17157
17158
17159
17160
17162
17163
17164
17165
17166
17167
17168
17169
17170
17171
17172
17173
17174
17175
17177
17179
17180
17181
17182
17183
17184
17185
17187
17188
17189
17190
17191
17192
17193
17194
17195
17198
17200
17201
17202
17203
17205
17206
17207
17208
17210
17211
17212
17213
17214
17215
17219
17220
17221
17222
17223
17224
17225
17226
17227
17229
17230
17231
17232
17236
17237
17238
17239
17240
17241
17242
17243
17244
17245
17246
17247
17248
17250
17251
17252
17253
17254
17255
17256
17257
17258
17259
17260
17261
17262
17263
17264
17265
17266
17267
17268
17269
17270
17272
17273
17274
17275
17276
17278
17279
17280
17281
17282
17283
17284
17285
17286
17288
17289
17290
17291
17292
17294
17295
17296
17297
17298
17300
17301
17303
17304
17305
17306
17307
17309
17310
17312
17313
17314
17315
17319
17320
17323
17324
17326
17328
17329
17330
17331
17332
17336
17337
17339
17340
17341
17342
17343
17344
17345
17346
17347
17348
17349
17350
17351
17352
17353
17354
17356
17357
17358
17360
17362
17363
17365
17367
17368
17370
17371
17373
17374
17375
17376
17378
17379
17380
17381
17382
17383
17384
17385
17386
17387
17388
17389
17390
17392
17395
17397
17398
17399
17401
17402
17403
17405
17406
17408
17409
17410
17413
17415
17416
17419
17420
17422
17423
17424
17425
17426
17427
17428
17429
17430
17431
17433
17434
17435
17436
17437
17439
17440
17441
17442
17444
17445
17446
17447
17448
17449
17450
17452
17453
17454
17455
17456
17458
17460
17461
17462
17463
17465
17466
17467
17468
17469
17470
17471
17472
17473
17475
17476
17477
17478
17479
17480
17481
17484
17486
17487
17488
17489
17490
17491
17493
17494
17495
17496
17497
17499
17500
17501
17502
17504
17507
17508
17510
17511
17512
17513
17514
17515
17516
17517
17518
17519
17520
17521
17522
17523
17524
17525
17526
17527
17528
17531
17532
17533
17534
17535
17536
17538
17539
17540
17541
17542
17543
17544
17547
17548
17549
17550
17551
17553
17555
17556
17557
17558
17559
17560
17561
17562
17563
17564
17566
17567
17568
17569
17570
17571
17572
17574
17575
17576
17577
17578
17579
17580
17581
17582
17583
17584
17585
17586
17587
17588
17590
17591
17592
17593
17594
17595
17596
17599
17600
17603
17604
17605
17606
17608
17609
17612
17613
17614
17615
17616
17618
17619
17620
17621
17622
17623
17624
17625
17626
17627
17628
17629
17630
17631
17632
17633
17634
17635
17636
17637
17640
17641
17642
17645
17646
17648
17649
17650
17651
17652
17653
17654
17655
17656
17657
17658
17659
17660
17661
17662
17663
17664
17665
17666
17667
17668
17670
17672
17673
17674
17675
17676
17677
17678
17679
17680
17681
17683
17684
17685
17686
17687
17688
17689
17690
17691
17692
17693
17695
17696
17697
17698
17699
17700
17701
17702
17703
17704
17705
17706
17707
17708
17710
17711
17712
17713
17714
17715
17716
17717
17718
17719
17720
17721
17722
17723
17725
17726
17727
17728
17729
17730
17731
17732
17737
17738
17740
17741
17742
17743
17745
17746
17747
17748
17749
17752
17753
17754
17755
17756
17759
17760
17761
17762
17763
17764
17765
17766
17767
17769
17771
17772
17773
17774
17775
17777
17781
17783
17784
17786
17788
17789
17791
17792
17793
17794
17796
17797
17801
17803
17804
17805
17806
17809
17810
17811
17812
17813
17814
17815
17816
17817
17818
17819
17820
17821
17822
17824
17825
17826
17827
17828
17830
17831
17832
17834
17835
17836
17840
17841
17843
17845
17847
17848
17849
17850
17851
17852
17854
17855
17856
17858
17859
17861
17862
17863
17864
17865
17867
17868
17869
17870
17871
17873
17874
17877
17878
17879
17880
17881
17882
17883
17885
17889
17891
17892
17893
17894
17895
17896
17897
17898
17899
17900
17901
17902
17903
17904
17905
17906
17907
17908
17909
17910
17911
17912
17913
17914
17915
17916
17917
17918
17919
17920
17921
17925
17926
17927
17928
17929
17930
17931
17932
17933
17934
17936
17937
17939
17940
17941
17942
17943
17944
17945
17947
17948
17949
17950
17951
17952
17953
17954
17957
17959
17960
17961
17963
17964
17965
17966
17967
17968
17970
17971
17972
17973
17974
17975
17976
17977
17979
17980
17981
17982
17983
17984
17985
17986
17987
17988
17989
17991
17993
17996
17997
17998
17999
18000
18001
18002
18003
18005
18006
18007
18008
18009
18011
18012
18013
18015
18016
18018
18019
18020
18021
18022
18023
18024
18025
18026
18027
18029
18030
18031
18032
18033
18035
18036
18037
18038
18039
18040
18041
18042
18044
18045
18046
18047
18048
18049
18050
18051
18052
18055
18056
18057
18058
18059
18060
18061
18062
18063
18065
18066
18067
18068
18069
18070
18073
18074
18076
18077
18078
18079
18080
18081
18082
18083
18084
18085
18086
18087
18088
18089
18090
18091
18094
18095
18096
18097
18098
18099
18100
18102
18103
18104
18105
18106
18107
18108
18109
18110
18112
18113
18114
18115
18116
18117
18118
18120
18121
18122
18123
18124
18125
18126
18127
18128
18129
18131
18132
18133
18134
18135
18136
18137
18138
18139
18140
18141
18142
18143
18145
18146
18147
18148
18149
18151
18152
18156
18157
18158
18159
18160
18162
18163
18165
18166
18167
18168
18169
18170
18171
18172
18173
18174
18175
18176
18177
18178
18179
18180
18181
18182
18183
18184
18185
18186
18187
18188
18190
18191
18192
18193
18194
18195
18196
18197
18199
18200
18201
18202
18203
18204
18205
18206
18207
18208
18209
18210
18212
18213
18214
18215
18216
18217
18218
18219
18222
18223
18225
18226
18227
18228
18229
18230
18231
18232
18233
18234
18235
18236
18237
18238
18239
18240
18242
18243
18244
18245
18246
18247
18249
18251
18252
18253
18254
18256
18257
18258
18260
18261
18262
18263
18264
18266
18267
18268
18270
18271
18274
18275
18277
18278
18279
18280
18281
18283
18284
18285
18286
18290
18292
18293
18294
18295
18296
18297
18299
18301
18302
18306
18309
18311
18312
18313
18314
18315
18316
18318
18319
18320
18321
18322
18323
18324
18325
18326
18327
18328
18329
18331
18332
