2
4
5
7
8
9
10
12
13
15
16
17
18
25
28
29
30
31
34
36
37
38
39
40
43
44
45
46
49
50
52
53
55
57
58
59
60
61
62
63
67
68
69
71
72
76
77
78
79
80
81
82
84
85
86
87
88
91
92
93
94
96
97
98
99
103
105
106
107
108
110
115
116
117
118
119
121
122
124
125
127
129
130
131
133
134
135
137
139
140
143
144
146
147
149
150
151
153
154
155
156
157
160
162
163
164
165
167
168
169
171
173
177
179
180
182
183
185
186
187
190
191
193
195
196
197
198
199
202
203
205
206
208
209
210
211
214
215
216
217
218
219
223
226
228
229
230
231
232
233
234
235
237
239
240
243
244
246
250
251
252
253
256
257
259
260
262
265
266
267
268
269
271
276
277
278
279
280
281
284
285
286
288
290
291
292
297
298
300
301
302
304
305
307
308
310
312
314
316
317
318
319
321
322
324
325
326
328
331
332
333
334
335
336
338
341
344
345
346
347
348
349
351
352
356
358
359
361
363
364
368
369
370
372
378
383
385
386
387
389
391
392
394
395
396
398
401
402
405
406
407
409
413
414
415
416
417
418
420
421
422
425
426
428
430
431
432
434
435
440
442
444
445
447
448
449
451
452
453
454
456
458
459
462
464
465
469
470
472
473
475
476
477
482
483
486
487
488
493
494
495
497
499
501
502
503
506
507
509
512
513
515
517
518
519
520
521
524
525
526
529
533
534
535
537
538
540
543
544
546
547
548
551
554
557
561
562
563
565
566
567
568
569
572
576
577
578
579
580
581
583
584
585
586
587
589
592
593
595
597
598
599
605
608
609
610
611
614
615
616
617
618
619
621
622
623
625
626
627
628
632
633
634
635
639
640
644
645
646
651
654
655
656
657
658
659
660
666
668
669
670
671
674
675
677
679
680
681
682
683
684
685
688
689
691
692
693
694
695
697
700
701
703
704
705
706
707
710
713
715
716
717
718
719
720
723
728
729
730
731
732
733
736
737
740
741
742
743
745
746
747
748
749
750
752
754
756
757
758
761
762
763
765
766
770
774
775
778
779
780
781
784
785
786
788
791
792
794
795
796
798
802
803
805
806
807
808
809
812
813
814
815
816
817
819
820
822
824
825
826
827
830
831
833
835
837
840
842
844
846
849
851
852
853
854
855
856
857
858
860
862
863
864
865
866
868
869
870
872
874
875
876
880
882
883
884
887
888
889
890
891
894
896
897
898
900
902
903
904
907
908
912
913
917
919
920
921
923
924
927
928
930
934
935
938
939
940
941
942
943
945
948
950
951
952
954
955
958
959
962
964
966
967
969
970
971
973
976
977
978
982
983
985
990
992
993
994
997
1000
1005
1007
1008
1010
1012
1013
1015
1017
1019
1020
1021
1022
1024
1025
1029
1031
1032
1033
1034
1036
1038
1039
1041
1042
1044
1045
1046
1047
1049
1050
1051
1052
1053
1054
1055
1056
1057
1059
1060
1063
1064
1065
1066
1067
1068
1070
1071
1075
1076
1077
1078
1080
1081
1083
1084
1087
1090
1091
1093
1094
1098
1099
1102
1103
1105
1106
1107
1108
1110
1111
1112
1115
1116
1117
1118
1119
1122
1124
1125
1126
1127
1128
1129
1130
1131
1133
1134
1137
1139
1140
1141
1145
1146
1147
1148
1152
1153
1155
1156
1157
1159
1160
1161
1162
1164
1166
1168
1169
1171
1173
1177
1178
1179
1183
1184
1186
1187
1188
1190
1191
1192
1193
1194
1195
1196
1197
1198
1199
1201
1202
1203
1204
1205
1206
1207
1208
1209
1210
1211
1212
1213
1214
1216
1217
1219
1220
1221
1222
1224
1225
1226
1227
1229
1230
1232
1236
1237
1238
1239
1240
1241
1242
1244
1245
1246
1247
1248
1250
1251
1252
1253
1257
1258
1259
1262
1264
1266
1269
1271
1272
1274
1276
1277
1282
1283
1284
1290
1292
1294
1295
1297
1303
1312
1315
1317
1318
1319
1320
1322
1324
1325
1327
1328
1329
1330
1331
1336
1337
1338
1340
1341
1345
1346
1347
1348
1349
1350
1351
1352
1354
1355
1356
1357
1358
1359
1362
1363
1364
1365
1367
1368
1370
1371
1372
1373
1374
1377
1381
1382
1383
1384
1385
1387
1388
1391
1392
1395
1396
1398
1400
1402
1404
1405
1406
1408
1409
1410
1412
1413
1415
1416
1417
1421
1425
1427
1428
1429
1430
1431
1432
1435
1436
1437
1441
1443
1445
1446
1447
1449
1452
1454
1456
1458
1459
1461
1463
1464
1465
1468
1469
1470
1474
1475
1476
1477
1478
1480
1481
1482
1486
1489
1491
1492
1496
1498
1499
1500
1501
1503
1505
1507
1508
1509
1510
1511
1512
1516
1517
1521
1522
1524
1527
1529
1532
1533
1536
1538
1539
1542
1544
1545
1548
1549
1551
1552
1554
1555
1556
1559
1560
1561
1570
1574
1577
1578
1580
1582
1585
1586
1588
1591
1592
1593
1594
1596
1597
1598
1599
1600
1601
1602
1604
1605
1609
1613
1615
1617
1618
1620
1621
1622
1623
1626
1627
1628
1633
1634
1636
1637
1639
1640
1641
1643
1645
1648
1649
1650
1651
1652
1653
1656
1657
1658
1659
1660
1662
1665
1666
1667
1668
1669
1670
1671
1672
1674
1676
1677
1679
1680
1682
1683
1684
1685
1686
1689
1690
1691
1694
1695
1696
1697
1699
1700
1701
1703
1704
1705
1707
1709
1710
1712
1713
1714
1716
1717
1722
1723
1727
1728
1729
1731
1732
1733
1734
1735
1736
1737
1738
1739
1740
1743
1744
1745
1746
1747
1748
1749
1750
1752
1753
1754
1755
1756
1759
1760
1762
1763
1766
1767
1772
1775
1776
1777
1778
1779
1780
1781
1784
1786
1787
1788
1789
1792
1794
1797
1799
1800
1802
1803
1804
1805
1806
1807
1808
1809
1810
1811
1812
1814
1815
1816
1818
1819
1820
1826
1827
1828
1829
1830
1831
1832
1833
1834
1835
1837
1840
1841
1842
1843
1846
1849
1851
1852
1853
1854
1855
1856
1857
1858
1865
1866
1867
1868
1869
1870
1871
1872
1873
1874
1875
1876
1877
1878
1880
1882
1884
1885
1888
1889
1891
1893
1895
1898
1899
1900
1901
1904
1905
1906
1907
1912
1914
1915
1917
1919
1921
1922
1923
1924
1925
1929
1930
1931
1932
1933
1934
1935
1939
1940
1942
1943
1944
1945
1949
1951
1953
1955
1957
1958
1959
1961
1962
1963
1964
1966
1967
1968
1969
1972
1973
1976
1979
1980
1985
1989
1990
1991
1992
1993
1994
1995
1997
1999
2000
2001
2002
2005
2007
2008
2010
2012
2013
2015
2016
2017
2018
2019
2023
2028
2029
2030
2032
2033
2034
2035
2036
2038
2039
2040
2041
2043
2044
2045
2046
2047
2048
2050
2054
2055
2056
2058
2059
2060
2061
2062
2063
2064
2065
2066
2068
2069
2071
2075
2077
2078
2079
2081
2086
2087
2088
2090
2091
2092
2093
2094
2095
2097
2098
2100
2101
2103
2104
2106
2107
2108
2109
2110
2111
2113
2114
2116
2118
2119
2120
2121
2122
2123
2124
2126
2128
2130
2131
2132
2134
2135
2136
2137
2138
2139
2140
2141
2142
2144
2145
2148
2152
2154
2155
2157
2158
2162
2163
2165
2166
2167
2169
2171
2173
2176
2177
2178
2179
2181
2183
2184
2187
2188
2189
2190
2191
2193
2194
2195
2196
2197
2199
2201
2202
2208
2209
2211
2214
2217
2218
2219
2221
2227
2229
2230
2233
2234
2235
2236
2237
2239
2241
2244
2247
2251
2253
2256
2257
2259
2261
2262
2263
2265
2267
2268
2271
2272
2273
2275
2276
2278
2279
2280
2282
2283
2284
2285
2286
2287
2290
2292
2294
2298
2315
2317
2319
2321
2323
2324
2325
2328
2329
2331
2333
2335
2336
2342
2343
2344
2346
2349
2350
2353
2355
2356
2357
2358
2359
2360
2361
2363
2368
2369
2370
2373
2375
2377
2382
2383
2384
2385
2387
2388
2390
2393
2397
2398
2399
2400
2402
2404
2406
2407
2408
2409
2411
2413
2416
2417
2422
2424
2425
2428
2429
2430
2433
2434
2436
2437
2438
2439
2442
2443
2445
2446
2448
2449
2452
2453
2454
2455
2456
2457
2458
2459
2460
2463
2465
2466
2469
2470
2473
2474
2475
2477
2482
2486
2488
2489
2491
2492
2493
2496
2499
2500
2503
2505
2506
2507
2509
2510
2511
2512
2513
2516
2518
2520
2521
2522
2524
2525
2527
2529
2530
2532
2533
2537
2538
2539
2545
2547
2552
2553
2555
2557
2558
2559
2560
2563
2564
2566
2567
2568
2572
2575
2576
2578
2579
2580
2582
2583
2584
2588
2589
2591
2596
2597
2598
2600
2601
2607
2608
2611
2614
2616
2617
2619
2620
2621
2623
2625
2626
2629
2630
2631
2633
2634
2636
2639
2640
2641
2644
2645
2648
2649
2650
2651
2653
2654
2655
2657
2658
2660
2661
2662
2667
2668
2669
2671
2672
2673
2675
2677
2678
2679
2686
2692
2695
2698
2703
2704
2706
2708
2709
2710
2711
2714
2715
2716
2719
2720
2722
2723
2724
2725
2726
2728
2729
2730
2731
2732
2733
2734
2738
2740
2741
2744
2747
2748
2752
2753
2754
2755
2757
2759
2761
2762
2763
2765
2767
2768
2769
2771
2772
2773
2776
2777
2779
2783
2784
2787
2788
2789
2791
2792
2793
2794
2796
2797
2800
2803
2804
2806
2808
2809
2810
2811
2814
2815
2817
2819
2820
2821
2822
2824
2826
2827
2828
2832
2833
2834
2835
2838
2839
2841
2842
2843
2844
2849
2850
2852
2853
2854
2856
2857
2858
2859
2860
2861
2863
2864
2866
2867
2869
2870
2872
2873
2874
2876
2877
2879
2880
2881
2882
2886
2891
2892
2893
2894
2895
2896
2898
2899
2900
2905
2907
2908
2909
2910
2911
2914
2915
2916
2917
2918
2919
2920
2921
2922
2923
2926
2928
2929
2931
2933
2934
2941
2942
2943
2944
2945
2946
2947
2948
2949
2950
2952
2953
2954
2959
2961
2962
2963
2965
2969
2971
2973
2975
2976
2977
2978
2979
2980
2981
2982
2983
2984
2986
2989
2990
2991
2992
2994
2995
2996
2997
2998
2999
3000
3001
3003
3004
3005
3006
3011
3012
3017
3018
3019
3021
3023
3026
3027
3028
3029
3031
3032
3033
3038
3040
3043
3044
3045
3047
3048
3049
3052
3053
3054
3055
3056
3057
3059
3060
3061
3062
3063
3065
3066
3067
3068
3069
3070
3071
3072
3074
3075
3076
3079
3080
3081
3085
3087
3089
3095
3097
3099
3105
3106
3107
3108
3109
3110
3111
3112
3113
3114
3119
3121
3124
3125
3127
3130
3132
3133
3134
3135
3140
3142
3143
3144
3145
3146
3148
3153
3154
3155
3156
3157
3158
3159
3160
3161
3163
3164
3165
3166
3167
3168
3169
3170
3171
3172
3174
3175
3176
3178
3180
3182
3183
3184
3185
3187
3188
3189
3191
3193
3194
3200
3201
3204
3205
3206
3208
3210
3211
3213
3214
3216
3218
3219
3220
3221
3223
3228
3229
3231
3234
3236
3237
3239
3240
3242
3244
3248
3250
3252
3256
3258
3261
3262
3263
3265
3266
3268
3269
3271
3272
3273
3275
3276
3277
3278
3279
3281
3285
3286
3287
3288
3290
3291
3292
3294
3295
3296
3300
3301
3303
3306
3309
3311
3312
3314
3315
3317
3318
3319
3320
3321
3322
3323
3324
3325
3326
3328
3329
3330
3332
3334
3335
3337
3342
3346
3347
3348
3349
3350
3353
3355
3358
3359
3360
3361
3368
3370
3372
3373
3375
3376
3377
3378
3379
3380
3382
3383
3386
3387
3388
3390
3391
3392
3397
3398
3399
3400
3403
3404
3405
3407
3408
3409
3410
3411
3412
3414
3416
3417
3418
3419
3423
3426
3430
3431
3432
3433
3438
3439
3442
3443
3444
3445
3446
3447
3450
3451
3453
3454
3455
3460
3461
3462
3463
3466
3469
3470
3472
3474
3476
3477
3478
3479
3480
3481
3485
3486
3487
3488
3492
3493
3495
3496
3497
3498
3500
3503
3504
3505
3508
3510
3511
3512
3514
3515
3517
3518
3522
3523
3525
3526
3528
3529
3534
3535
3536
3537
3539
3541
3544
3548
3549
3551
3553
3555
3556
3557
3558
3562
3565
3566
3567
3568
3569
3570
3572
3575
3578
3579
3581
3582
3583
3584
3586
3588
3589
3590
3592
3593
3594
3595
3596
3599
3601
3603
3604
3605
3608
3609
3610
3611
3613
3614
3615
3616
3617
3619
3622
3624
3625
3626
3627
3628
3631
3632
3635
3637
3638
3640
3641
3643
3645
3647
3648
3651
3654
3655
3657
3658
3663
3668
3669
3670
3671
3672
3673
3674
3676
3677
3678
3680
3681
3683
3684
3685
3686
3687
3688
3689
3690
3691
3692
3694
3695
3696
3697
3699
3700
3702
3703
3705
3707
3710
3711
3712
3713
3714
3718
3719
3720
3721
3723
3724
3726
3727
3728
3732
3733
3734
3735
3736
3737
3739
3740
3742
3746
3749
3750
3751
3752
3753
3754
3755
3757
3758
3759
3760
3762
3763
3764
3766
3768
3769
3770
3771
3772
3775
3776
3778
3779
3780
3782
3785
3786
3787
3788
3789
3790
3793
3795
3796
3799
3800
3801
3803
3804
3807
3808
3809
3811
3813
3814
3816
3817
3818
3819
3821
3824
3825
3826
3827
3828
3830
3831
3834
3838
3839
3841
3842
3845
3846
3850
3851
3853
3855
3856
3860
3861
3862
3863
3864
3865
3867
3868
3870
3873
3874
3875
3876
3878
3879
3880
3881
3883
3886
3887
3889
3890
3892
3894
3895
3896
3897
3900
3902
3905
3907
3911
3912
3914
3915
3918
3919
3923
3924
3926
3929
3932
3933
3934
3936
3939
3940
3941
3943
3944
3946
3947
3948
3951
3952
3953
3956
3957
3959
3960
3961
3962
3963
3965
3967
3968
3975
3976
3978
3979
3980
3982
3984
3985
3987
3991
3992
3993
3995
3996
3998
3999
4000
4002
4003
4004
4006
4008
4009
4010
4011
4012
4013
4017
4019
4020
4021
4022
4023
4025
4026
4029
4030
4031
4032
4033
4034
4035
4036
4037
4042
4043
4044
4047
4048
4049
4052
4053
4054
4055
4056
4057
4059
4060
4062
4066
4067
4068
4069
4070
4071
4072
4073
4074
4075
4076
4077
4079
4080
4081
4082
4083
4084
4086
4090
4094
4100
4101
4103
4104
4106
4109
4110
4111
4112
4113
4115
4116
4119
4120
4121
4122
4123
4127
4128
4132
4134
4135
4136
4138
4139
4140
4141
4142
4144
4145
4147
4150
4151
4153
4156
4157
4158
4159
4160
4161
4163
4164
4165
4166
4167
4169
4174
4181
4182
4183
4185
4186
4188
4190
4191
4192
4193
4194
4196
4197
4198
4199
4200
4201
4202
4204
4205
4208
4209
4210
4212
4214
4215
4216
4217
4218
4219
4220
4225
4226
4227
4228
4229
4230
4233
4234
4236
4238
4239
4240
4241
4242
4243
4244
4245
4249
4250
4251
4252
4254
4255
4256
4257
4261
4262
4263
4264
4266
4267
4268
4269
4270
4271
4272
4273
4275
4277
4279
4280
4281
4282
4283
4284
4285
4286
4287
4289
4290
4291
4292
4293
4294
4295
4298
4299
4300
4301
4303
4304
4305
4311
4312
4315
4316
4317
4318
4320
4322
4323
4326
4327
4328
4329
4331
4333
4334
4335
4337
4338
4340
4343
4346
4347
4348
4350
4352
4354
4355
4356
4357
4360
4361
4362
4363
4364
4367
4369
4370
4371
4372
4373
4375
4377
4379
4380
4381
4382
4384
4385
4386
4387
4388
4390
4392
4393
4394
4395
4397
4401
4403
4404
4405
4407
4409
4411
4412
4413
4415
4416
4418
4419
4420
4421
4422
4423
4424
4426
4427
4428
4430
4431
4432
4433
4436
4439
4440
4441
4443
4444
4445
4446
4447
4448
4449
4450
4453
4454
4455
4456
4457
4458
4461
4463
4464
4466
4468
4469
4471
4472
4473
4476
4477
4478
4482
4483
4484
4485
4486
4487
4489
4491
4492
4493
4500
4501
4502
4503
4504
4505
4509
4511
4512
4513
4514
4515
4518
4524
4526
4527
4528
4529
4530
4531
4532
4533
4534
4536
4537
4538
4539
4540
4541
4551
4552
4555
4556
4557
4559
4560
4563
4564
4565
4566
4567
4569
4570
4571
4575
4576
4577
4579
4580
4585
4587
4588
4589
4590
4591
4592
4593
4594
4595
4596
4599
4600
4601
4603
4604
4606
4607
4609
4610
4611
4612
4614
4615
4617
4618
4620
4622
4624
4626
4628
4630
4631
4632
4634
4635
4636
4638
4639
4640
4642
4644
4645
4646
4647
4648
4650
4655
4656
4658
4659
4662
4663
4664
4665
4666
4668
4669
4670
4673
4674
4675
4676
4677
4678
4679
4685
4686
4688
4689
4690
4691
4693
4694
4696
4697
4698
4699
4700
4702
4703
4704
4706
4707
4708
4709
4710
4713
4715
4716
4717
4719
4720
4721
4723
4724
4725
4726
4727
4729
4730
4731
4734
4736
4737
4739
4740
4741
4742
4743
4745
4747
4748
4749
4750
4751
4752
4755
4756
4757
4759
4762
4763
4764
4771
4773
4774
4776
4777
4780
4785
4786
4788
4789
4790
4792
4794
4795
4796
4798
4799
4801
4802
4803
4805
4807
4808
4809
4812
4816
4817
4818
4819
4820
4821
4822
4823
4824
4825
4826
4827
4828
4829
4830
4831
4833
4834
4835
4836
4838
4839
4841
4844
4846
4847
4849
4850
4855
4857
4858
4859
4860
4861
4863
4864
4867
4869
4870
4872
4873
4875
4876
4877
4879
4882
4883
4884
4885
4886
4887
4890
4891
4892
4893
4895
4896
4897
4898
4900
4901
4902
4905
4906
4907
4908
4910
4912
4914
4915
4917
4922
4923
4924
4928
4929
4930
4931
4932
4933
4934
4937
4938
4939
4941
4942
4943
4945
4946
4949
4950
4951
4952
4953
4956
4958
4959
4961
4963
4964
4965
4967
4969
4971
4974
4975
4977
4980
4983
4988
4990
4991
4992
4995
4996
4997
5000
5001
5002
5003
5004
5005
5006
5007
5008
5011
5013
5014
5016
5017
5021
5023
5024
5025
5028
5029
5030
5031
5035
5038
5042
5043
5044
5045
5046
5049
5050
5051
5052
5053
5054
5055
5057
5058
5061
5062
5067
5068
5069
5070
5071
5072
5073
5076
5078
5079
5081
5082
5084
5085
5086
5087
5088
5090
5092
5094
5095
5100
5104
5105
5106
5107
5108
5109
5111
5112
5114
5115
5116
5117
5121
5123
5124
5125
5126
5127
5129
5130
5131
5133
5135
5136
5138
5139
5140
5141
5144
5146
5148
5149
5151
5152
5153
5154
5156
5157
5158
5159
5160
5162
5163
5166
5173
5174
5175
5177
5178
5179
5180
5181
5182
5183
5184
5185
5187
5188
5189
5191
5194
5196
5197
5198
5199
5200
5201
5203
5205
5206
5207
5209
5214
5215
5216
5217
5219
5220
5221
5222
5224
5225
5229
5230
5231
5232
5233
5234
5235
5237
5241
5242
5243
5244
5246
5248
5249
5251
5252
5253
5254
5255
5256
5258
5260
5262
5266
5267
5272
5276
5277
5279
5281
5283
5284
5285
5289
5290
5291
5293
5294
5295
5296
5298
5299
5300
5301
5303
5304
5310
5311
5312
5316
5322
5323
5324
5325
5326
5327
5330
5331
5333
5336
5338
5340
5341
5342
5343
5344
5345
5346
5349
5350
5351
5354
5356
5357
5359
5360
5361
5362
5363
5364
5367
5371
5372
5373
5374
5375
5376
5378
5379
5380
5381
5385
5386
5388
5389
5390
5392
5396
5397
5400
5401
5404
5406
5407
5409
5412
5414
5415
5416
5417
5418
5420
5421
5423
5425
5427
5428
5430
5431
5433
5434
5435
5436
5442
5443
5444
5445
5448
5453
5456
5457
5459
5460
5462
5463
5464
5465
5466
5469
5472
5473
5475
5478
5479
5480
5481
5483
5484
5486
5492
5495
5497
5499
5500
5501
5502
5503
5505
5506
5509
5511
5515
5516
5518
5519
5521
5522
5523
5525
5528
5529
5531
5533
5534
5535
5536
5537
5538
5539
5540
5541
5542
5543
5544
5547
5551
5553
5555
5556
5557
5558
5559
5560
5563
5564
5566
5567
5569
5570
5571
5572
5574
5575
5578
5580
5581
5582
5583
5584
5585
5586
5587
5588
5590
5592
5595
5597
5598
5601
5606
5610
5616
5618
5619
5620
5621
5622
5624
5625
5628
5629
5630
5632
5635
5637
5638
5639
5640
5643
5645
5648
5649
5651
5653
5655
5656
5657
5659
5660
5661
5662
5664
5667
5673
5674
5675
5676
5677
5678
5679
5680
5682
5684
5685
5686
5688
5689
5690
5691
5692
5695
5696
5697
5698
5700
5701
5702
5704
5705
5706
5707
5708
5709
5710
5711
5712
5713
5714
5716
5717
5718
5721
5726
5729
5730
5734
5735
5737
5738
5739
5740
5741
5743
5745
5747
5748
5749
5754
5757
5759
5761
5763
5764
5766
5767
5768
5769
5771
5773
5775
5777
5778
5779
5780
5782
5783
5785
5786
5789
5791
5792
5793
5798
5799
5802
5803
5804
5808
5810
5812
5813
5814
5815
5818
5819
5822
5823
5824
5825
5826
5827
5828
5829
5831
5832
5833
5835
5839
5840
5842
5843
5844
5845
5846
5847
5850
5853
5854
5855
5856
5861
5862
5863
5864
5865
5868
5869
5870
5875
5876
5878
5880
5881
5882
5883
5884
5886
5887
5888
5892
5894
5896
5899
5900
5901
5902
5904
5905
5906
5907
5909
5916
5919
5920
5922
5924
5926
5927
5928
5929
5933
5935
5936
5937
5938
5943
5944
5945
5946
5950
5951
5952
5955
5956
5957
5958
5959
5960
5961
5963
5964
5966
5968
5969
5970
5971
5972
5974
5976
5980
5983
5986
5988
5989
5990
5991
5992
5993
5995
5997
5999
6000
6001
6003
6005
6006
6008
6009
6010
6012
6014
6018
6019
6020
6021
6023
6024
6032
6033
6036
6037
6040
6046
6049
6050
6052
6055
6059
6060
6061
6062
6064
6065
6066
6067
6071
6072
6079
6080
6083
6084
6086
6087
6088
6089
6090
6091
6092
6093
6094
6095
6097
6098
6099
6102
6103
6104
6105
6106
6107
6108
6111
6113
6115
6120
6121
6122
6123
6124
6126
6128
6129
6130
6133
6134
6135
6136
6137
6139
6141
6142
6143
6144
6145
6146
6148
6149
6150
6152
6156
6157
6158
6160
6161
6162
6167
6169
6170
6173
6175
6176
6178
6179
6181
6183
6185
6186
6187
6188
6189
6194
6196
6198
6199
6200
6203
6205
6206
6207
6208
6209
6216
6218
6221
6222
6223
6226
6229
6230
6235
6236
6237
6238
6242
6244
6245
6248
6249
6251
6252
6253
6254
6256
6259
6260
6261
6262
6264
6265
6268
6270
6273
6274
6276
6277
6279
6280
6281
6284
6286
6287
6288
6290
6293
6294
6295
6301
6304
6305
6309
6310
6311
6312
6315
6317
6319
6320
6322
6323
6325
6328
6330
6331
6332
6333
6335
6336
6337
6338
6340
6344
6345
6346
6347
6349
6350
6352
6355
6356
6357
6359
6361
6362
6366
6367
6368
6369
6370
6371
6372
6374
6375
6376
6378
6379
6380
6381
6384
6386
6390
6392
6394
6395
6397
6398
6400
6401
6402
6403
6404
6405
6406
6407
6408
6411
6414
6415
6416
6417
6420
6422
6423
6424
6426
6427
6428
6430
6431
6432
6433
6434
6435
6436
6437
6438
6442
6443
6444
6445
6446
6448
6449
6450
6452
6453
6454
6456
6457
6459
6462
6463
6470
6471
6475
6477
6478
6479
6480
6481
6482
6483
6484
6485
6486
6487
6489
6498
6500
6501
6504
6506
6507
6508
6511
6513
6514
6515
6516
6520
6522
6524
6526
6527
6528
6529
6530
6532
6533
6534
6535
6539
6541
6542
6546
6548
6550
6551
6555
6556
6557
6558
6561
6563
6564
6565
6567
6568
6569
6572
6573
6574
6575
6576
6577
6578
6579
6580
6583
6585
6586
6587
6588
6591
6592
6594
6599
6600
6601
6604
6606
6607
6608
6610
6611
6614
6615
6621
6623
6624
6626
6627
6630
6631
6632
6634
6635
6636
6638
6641
6642
6643
6644
6645
6646
6647
6657
6658
6659
6660
6662
6663
6664
6665
6666
6671
6672
6674
6675
6678
6681
6682
6686
6687
6688
6690
6691
6693
6696
6700
6701
6703
6704
6706
6709
6710
6711
6712
6713
6715
6716
6717
6720
6724
6725
6726
6731
6732
6734
6737
6738
6739
6740
6741
6743
6744
6745
6746
6747
6749
6751
6752
6754
6756
6757
6761
6762
6764
6766
6768
6769
6770
6772
6774
6777
6781
6782
6783
6784
6786
6788
6791
6792
6793
6794
6795
6796
6797
6798
6799
6800
6801
6805
6806
6807
6812
6813
6814
6815
6818
6819
6820
6821
6824
6825
6828
6829
6832
6834
6836
6839
6841
6844
6845
6846
6848
6849
6850
6852
6853
6854
6855
6857
6858
6860
6861
6864
6865
6866
6867
6868
6869
6871
6872
6874
6875
6876
6877
6878
6879
6881
6882
6883
6884
6885
6886
6887
6889
6891
6892
6893
6895
6896
6897
6898
6901
6902
6903
6904
6905
6907
6909
6913
6915
6916
6917
6918
6920
6923
6925
6926
6927
6929
6930
6935
6938
6939
6941
6942
6943
6944
6945
6947
6948
6950
6951
6952
6953
6954
6956
6958
6960
6961
6962
6963
6966
6967
6970
6971
6972
6973
6975
6976
6979
6980
6984
6986
6987
6988
6989
6990
6994
6996
6998
6999
7003
7006
7008
7010
7011
7012
7013
7014
7015
7016
7018
7021
7022
7023
7026
7030
7031
7032
7035
7036
7038
7039
7042
7043
7044
7046
7048
7051
7052
7055
7056
7059
7060
7061
7064
7065
7067
7070
7072
7074
7075
7076
7077
7078
7079
7081
7082
7083
7084
7085
7087
7088
7090
7091
7093
7098
7100
7101
7102
7103
7106
7107
7108
7109
7112
7118
7119
7120
7121
7123
7125
7126
7127
7128
7129
7131
7133
7134
7136
7137
7140
7141
7142
7143
7144
7145
7146
7148
7150
7151
7153
7155
7156
7157
7159
7160
7161
7162
7163
7165
7166
7167
7168
7169
7170
7171
7172
7173
7174
7175
7176
7177
7179
7180
7181
7185
7186
7187
7188
7189
7192
7193
7196
7199
7200
7202
7205
7208
7210
7211
7213
7215
7217
7220
7221
7222
7227
7228
7230
7231
7232
7234
7235
7236
7238
7239
7243
7244
7245
7246
7247
7249
7251
7252
7253
7256
7259
7260
7261
7264
7265
7266
7268
7269
7271
7274
7279
7281
7282
7286
7287
7288
7289
7290
7292
7294
7295
7297
7298
7299
7300
7301
7302
7303
7304
7305
7306
7307
7308
7309
7312
7313
7315
7318
7321
7323
7324
7330
7335
7337
7338
7339
7340
7341
7343
7344
7345
7346
7348
7349
7350
7351
7352
7353
7354
7356
7357
7358
7359
7360
7361
7362
7363
7366
7368
7369
7370
7373
7374
7375
7377
7381
7382
7384
7386
7388
7389
7393
7394
7395
7397
7400
7404
7405
7407
7408
7409
7410
7412
7413
7415
7418
7420
7422
7423
7424
7425
7426
7428
7429
7430
7438
7441
7442
7443
7445
7447
7450
7451
7454
7456
7458
7459
7461
7462
7463
7464
7465
7466
7467
7469
7470
7471
7475
7476
7477
7478
7479
7480
7485
7486
7487
7489
7494
7495
7496
7497
7498
7499
7500
7503
7504
7505
7506
7507
7508
7511
7512
7514
7515
7516
7518
7519
7520
7527
7529
7531
7536
7538
7539
7541
7542
7543
7545
7547
7549
7550
7552
7554
7555
7556
7558
7559
7561
7562
7563
7565
7567
7568
7569
7573
7574
7575
7577
7578
7579
7580
7581
7582
7583
7584
7585
7587
7590
7591
7592
7593
7594
7595
7598
7600
7604
7605
7606
7607
7611
7613
7615
7616
7617
7618
7619
7620
7621
7626
7627
7629
7630
7632
7633
7634
7638
7639
7641
7645
7648
7650
7652
7653
7654
7656
7658
7659
7662
7664
7665
7667
7669
7670
7672
7674
7675
7676
7677
7679
7684
7686
7687
7690
7692
7694
7698
7699
7701
7703
7704
7705
7707
7708
7709
7713
7715
7716
7719
7721
7722
7723
7724
7727
7728
7733
7735
7738
7742
7743
7744
7748
7749
7751
7753
7757
7758
7761
7762
7764
7768
7769
7770
7771
7774
7775
7776
7778
7781
7783
7784
7786
7788
7790
7794
7795
7796
7797
7798
7799
7800
7801
7802
7803
7804
7806
7807
7808
7810
7811
7812
7813
7814
7815
7817
7820
7821
7822
7824
7825
7826
7827
7828
7830
7831
7833
7834
7836
7837
7838
7839
7840
7843
7844
7846
7847
7849
7853
7854
7855
7856
7857
7862
7866
7868
7869
7871
7873
7877
7883
7885
7888
7891
7893
7894
7895
7897
7900
7901
7902
7903
7905
7906
7907
7909
7911
7912
7915
7916
7917
7919
7921
7923
7925
7928
7932
7934
7936
7937
7938
7939
7940
7942
7943
7946
7947
7950
7951
7954
7955
7956
7958
7960
7962
7963
7965
7967
7970
7971
7974
7976
7977
7979
7981
7983
7984
7987
7989
7990
7991
7996
7997
7998
8000
8002
8006
8007
8008
8009
8010
8011
8014
8016
8018
8019
8020
8021
8022
8023
8024
8026
8029
8032
8033
8035
8037
8038
8040
8042
8044
8045
8047
8048
8049
8050
8051
8052
8054
8055
8057
8059
8060
8061
8065
8067
8068
8069
8072
8074
8075
8076
8077
8080
8081
8084
8085
8086
8087
8088
8090
8091
8093
8094
8095
8097
8099
8100
8102
8104
8105
8106
8107
8108
8109
8112
8114
8115
8118
8119
8121
8122
8123
8126
8127
8132
8133
8134
8136
8140
8141
8142
8145
8146
8150
8151
8152
8153
8156
8158
8159
8161
8163
8165
8167
8168
8169
8171
8172
8173
8175
8176
8178
8179
8180
8181
8183
8184
8187
8192
8193
8195
8196
8197
8200
8201
8202
8203
8204
8205
8206
8207
8208
8209
8211
8212
8213
8214
8216
8219
8223
8224
8226
8229
8230
8231
8232
8233
8234
8236
8237
8239
8240
8241
8242
8245
8246
8247
8248
8253
8254
8255
8256
8257
8259
8262
8263
8265
8267
8268
8269
8272
8274
8275
8276
8277
8278
8279
8282
8283
8285
8288
8289
8291
8292
8296
8298
8300
8301
8303
8305
8306
8307
8308
8311
8314
8320
8323
8324
8325
8326
8330
8334
8336
8337
8339
8341
8342
8343
8344
8346
8350
8351
8352
8353
8354
8355
8357
8362
8366
8367
8370
8371
8372
8374
8375
8376
8377
8379
8382
8383
8385
8386
8387
8388
8389
8391
8393
8394
8395
8396
8398
8401
8404
8406
8407
8409
8410
8413
8414
8415
8419
8420
8421
8422
8423
8424
8427
8429
8430
8433
8436
8438
8439
8440
8442
8443
8445
8447
8448
8450
8452
8453
8455
8456
8457
8458
8459
8460
8461
8463
8465
8467
8468
8469
8471
8473
8475
8476
8481
8482
8484
8485
8486
8491
8492
8495
8496
8498
8499
8500
8501
8503
8504
8505
8506
8509
8510
8511
8512
8513
8514
8515
8518
8519
8520
8521
8522
8523
8525
8527
8528
8529
8530
8532
8533
8537
8538
8539
8541
8545
8546
8548
8549
8550
8551
8552
8553
8554
8555
8556
8557
8558
8560
8561
8562
8563
8564
8567
8569
8571
8573
8574
8575
8577
8582
8583
8584
8585
8586
8590
8592
8593
8595
8596
8599
8601
8602
8603
8607
8608
8612
8613
8615
8617
8620
8622
8623
8624
8625
8626
8627
8628
8629
8630
8632
8633
8634
8637
8638
8639
8640
8641
8643
8645
8646
8647
8648
8651
8652
8653
8655
8656
8658
8660
8664
8665
8666
8674
8675
8678
8679
8684
8686
8688
8689
8690
8691
8692
8698
8699
8700
8701
8702
8703
8704
8708
8709
8710
8711
8713
8717
8720
8721
8722
8723
8726
8727
8729
8730
8731
8732
8736
8737
8738
8741
8744
8746
8747
8748
8749
8750
8751
8752
8753
8755
8761
8762
8764
8767
8769
8770
8771
8773
8774
8775
8777
8778
8779
8780
8782
8783
8784
8786
8787
8791
8792
8793
8798
8799
8801
8803
8806
8807
8811
8812
8816
8817
8818
8821
8822
8825
8826
8827
8828
8832
8833
8834
8835
8836
8838
8842
8843
8844
8845
8847
8851
8852
8854
8855
8856
8857
8858
8859
8860
8861
8862
8863
8865
8866
8867
8869
8871
8872
8876
8877
8878
8879
8881
8882
8884
8885
8886
8887
8890
8891
8893
8894
8897
8900
8902
8903
8906
8908
8910
8912
8915
8917
8920
8924
8926
8927
8928
8929
8930
8931
8934
8936
8937
8938
8941
8942
8943
8945
8946
8947
8948
8949
8953
8955
8956
8964
8966
8967
8971
8972
8973
8976
8978
8979
8980
8981
8983
8984
8985
8986
8987
8988
8990
8992
8995
8996
8997
9001
9003
9005
9007
9008
9009
9010
9011
9012
9013
9014
9017
9018
9019
9021
9022
9023
9024
9027
9029
9038
9040
9041
9042
9043
9044
9047
9050
9052
9053
9054
9056
9057
9059
9061
9062
9067
9070
9072
9074
9076
9077
9079
9080
9081
9082
9083
9084
9085
9087
9088
9089
9090
9092
9096
9097
9098
9099
9102
9104
9105
9106
9107
9108
9109
9110
9114
9117
9118
9119
9120
9122
9123
9128
9130
9132
9135
9137
9138
9140
9143
9146
9147
9148
9150
9152
9153
9154
9156
9160
9161
9162
9163
9164
9165
9167
9168
9169
9170
9174
9175
9177
9179
9180
9181
9182
9183
9185
9186
9187
9188
9189
9190
9191
9194
9200
9202
9203
9204
9205
9206
9209
9210
9212
9214
9215
9216
9219
9221
9222
9224
9225
9227
9231
9233
9238
9239
9240
9241
9244
9247
9249
9250
9251
9252
9253
9256
9264
9267
9268
9269
9270
9271
9272
9273
9276
9278
9282
9283
9284
9285
9286
9287
9289
9291
9292
9294
9296
9298
9299
9301
9302
9304
9305
9306
9307
9311
9312
9314
9315
9318
9320
9321
9323
9324
9325
9326
9327
9328
9331
9334
9335
9336
9337
9338
9339
9340
9341
9345
9346
9349
9350
9351
9355
9356
9358
9362
9365
9366
9367
9369
9371
9373
9374
9375
9376
9377
9378
9380
9382
9383
9385
9387
9388
9389
9390
9391
9392
9393
9395
9397
9398
9402
9403
9405
9408
9411
9412
9415
9416
9418
9421
9422
9423
9426
9427
9428
9430
9431
9432
9433
9440
9442
9444
9446
9447
9449
9450
9452
9454
9455
9457
9459
9460
9461
9462
9463
9464
9465
9466
9467
9469
9471
9472
9473
9474
9478
9480
9482
9483
9484
9485
9489
9491
9495
9496
9497
9499
9500
9501
9502
9503
9505
9506
9507
9509
9510
9512
9513
9514
9517
9519
9522
9524
9526
9527
9530
9532
9536
9537
9538
9539
9540
9541
9543
9544
9545
9547
9549
9551
9552
9553
9555
9556
9557
9558
9559
9560
9561
9562
9565
9566
9567
9569
9570
9572
9573
9574
9576
9580
9582
9583
9586
9587
9588
9592
9595
9596
9597
9598
9599
9604
9605
9606
9607
9609
9611
9612
9614
9615
9616
9617
9619
9620
9621
9622
9625
9626
9627
9628
9630
9631
9632
9634
9636
9638
9639
9640
9641
9642
9643
9644
9645
9646
9647
9648
9649
9650
9652
9653
9655
9656
9658
9661
9662
9663
9664
9665
9668
9670
9671
9672
9673
9674
9675
9677
9680
9681
9684
9685
9688
9689
9690
9691
9692
9694
9696
9697
9700
9705
9708
9709
9710
9714
9715
9716
9717
9718
9719
9721
9723
9726
9727
9728
9729
9730
9731
9732
9734
9735
9736
9740
9741
9742
9745
9747
9748
9749
9753
9756
9757
9758
9759
9763
9764
9769
9770
9772
9773
9774
9775
9777
9779
9781
9782
9784
9785
9786
9787
9790
9791
9794
9799
9801
9802
9804
9806
9813
9814
9816
9818
9819
9820
9821
9824
9825
9826
9827
9828
9829
9830
9831
9832
9834
9836
9838
9840
9841
9844
9845
9848
9850
9851
9855
9858
9859
9860
9861
9862
9866
9867
9868
9869
9871
9875
9876
9877
9880
9881
9883
9890
9891
9894
9895
9896
9897
9898
9899
9900
9901
9902
9903
9904
9907
9908
9909
9910
9911
9912
9915
9916
9917
9918
9921
9922
9925
9927
9928
9929
9931
9932
9933
9934
9937
9939
9940
9941
9942
9945
9946
9947
9949
9950
9951
9954
9955
9956
9957
9959
9960
9962
9965
9967
9968
9970
9971
9972
9973
9975
9976
9977
9982
9983
9984
9985
9988
9990
9993
9994
9997
9999
10000
10002
10003
10006
10007
10009
10011
10012
10013
10017
10018
10020
10025
10026
10027
10032
10033
10035
10036
10037
10038
10039
10040
10046
10047
10048
10049
10050
10051
10052
10055
10056
10057
10058
10059
10060
10062
10064
10065
10066
10067
10070
10072
10074
10075
10076
10078
10081
10082
10083
10084
10085
10087
10088
10089
10090
10091
10092
10093
10096
10097
10098
10099
10102
10103
10104
10106
10107
10113
10114
10116
10117
10118
10119
10121
10124
10125
10126
10127
10131
10132
10134
10135
10136
10137
10139
10142
10143
10144
10146
10148
10150
10152
10153
10154
10155
10156
10160
10162
10163
10164
10166
10168
10169
10170
10171
10173
10174
10175
10182
10183
10185
10187
10190
10191
10192
10193
10194
10199
10203
10204
10207
10209
10212
10213
10215
10216
10217
10221
10222
10226
10228
10231
10232
10235
10236
10238
10239
10240
10242
10243
10246
10247
10248
10249
10250
10251
10252
10253
10254
10255
10256
10257
10263
10264
10266
10268
10269
10270
10272
10274
10275
10276
10277
10278
10279
10281
10285
10287
10288
10289
10294
10295
10296
10297
10298
10299
10301
10303
10308
10309
10312
10313
10314
10315
10318
10319
10321
10322
10324
10326
10327
10330
10332
10333
10334
10336
10337
10340
10343
10345
10346
10347
10348
10349
10351
10352
10356
10358
10360
10362
10365
10366
10367
10369
10370
10371
10372
10373
10376
10377
10378
10381
10382
10383
10386
10389
10390
10392
10393
10396
10397
10398
10399
10400
10403
10404
10406
10407
10408
10411
10412
10414
10416
10417
10418
10419
10420
10421
10422
10423
10424
10425
10426
10427
10428
10429
10431
10433
10437
10439
10441
10443
10445
10447
10448
10451
10452
10456
10457
10458
10459
10461
10462
10463
10465
10466
10467
10468
10470
10471
10472
10475
10476
10477
10479
10481
10483
10484
10486
10487
10488
10490
10491
10492
10493
10495
10496
10497
10499
10501
10504
10505
10507
10509
10510
10513
10514
10516
10517
10521
10522
10523
10524
10527
10528
10530
10531
10532
10533
10535
10536
10537
10540
10541
10542
10544
10548
10549
10552
10553
10555
10556
10560
10561
10562
10564
10571
10575
10577
10579
10580
10583
10584
10585
10586
10587
10588
10589
10590
10592
10594
10595
10596
10597
10598
10599
10600
10603
10604
10608
10609
10610
10611
10612
10615
10616
10617
10619
10621
10622
10624
10625
10629
10630
10631
10632
10633
10635
10640
10641
10646
10648
10649
10651
10653
10654
10655
10657
10658
10660
10662
10663
10665
10670
10673
10675
10677
10678
10679
10680
10681
10682
10685
10686
10687
10688
10689
10690
10692
10694
10695
10698
10699
10700
10703
10704
10706
10707
10708
10711
10712
10714
10716
10717
10718
10720
10721
10722
10725
10726
10728
10732
10734
10735
10737
10738
10739
10740
10742
10744
10747
10749
10752
10753
10755
10756
10757
10760
10761
10762
10763
10764
10765
10766
10767
10769
10771
10772
10773
10775
10776
10778
10779
10780
10782
10783
10784
10788
10789
10790
10791
10792
10793
10794
10795
10796
10798
10799
10800
10801
10802
10803
10804
10806
10807
10810
10811
10812
10813
10815
10819
10820
10821
10822
10825
10826
10827
10828
10829
10833
10836
10839
10840
10843
10844
10847
10848
10849
10853
10857
10858
10861
10862
10863
10865
10869
10870
10871
10872
10873
10875
10876
10877
10878
10880
10882
10883
10886
10887
10889
10893
10894
10895
10896
10897
10898
10902
10904
10905
10906
10907
10908
10910
10911
10912
10915
10917
10918
10920
10921
10922
10923
10925
10926
10927
10928
10929
10930
10931
10932
10933
10934
10935
10937
10938
10939
10940
10942
10943
10944
10945
10946
10947
10950
10952
10954
10959
10962
10963
10964
10965
10966
10968
10969
10970
10971
10972
10973
10979
10980
10981
10983
10984
10985
10986
10987
10988
10989
10990
10992
10994
10995
10996
10998
10999
11000
11001
11003
11006
11007
11010
11013
11014
11016
11017
11019
11020
11022
11025
11027
11029
11030
11032
11033
11035
11037
11038
11039
11040
11041
11043
11044
11045
11047
11048
11049
11050
11051
11052
11053
11057
11058
11060
11063
11064
11066
11069
11070
11071
11072
11073
11074
11075
11076
11077
11078
11080
11082
11085
11087
11088
11089
11091
11093
11097
11098
11101
11102
11104
11105
11107
11108
11110
11111
11114
11116
11117
11118
11119
11120
11122
11123
11124
11128
11129
11131
11132
11135
11136
11137
11139
11141
11142
11144
11148
11150
11151
11152
11154
11155
11156
11158
11159
11160
11163
11164
11167
11168
11172
11176
11177
11179
11181
11182
11184
11187
11188
11189
11190
11192
11196
11197
11198
11200
11201
11204
11208
11211
11212
11213
11214
11216
11218
11222
11223
11225
11229
11230
11231
11236
11239
11241
11243
11245
11246
11247
11248
11249
11251
11252
11254
11256
11257
11260
11261
11262
11265
11266
11268
11269
11270
11271
11273
11275
11279
11280
11282
11284
11285
11286
11288
11290
11292
11293
11295
11299
11300
11301
11303
11305
11306
11307
11310
11313
11315
11316
11317
11318
11319
11321
11322
11323
11327
11328
11329
11330
11331
11332
11333
11335
11336
11339
11342
11343
11344
11346
11347
11348
11349
11350
11351
11352
11354
11355
11356
11357
11358
11359
11360
11362
11363
11364
11365
11367
11368
11369
11371
11373
11374
11378
11379
11382
11383
11384
11387
11389
11392
11393
11394
11395
11396
11397
11399
11400
11401
11402
11403
11406
11407
11408
11412
11415
11416
11418
11419
11420
11421
11422
11426
11428
11429
11430
11431
11435
11438
11439
11441
11442
11444
11445
11447
11448
11450
11451
11454
11455
11457
11462
11464
11466
11469
11470
11471
11475
11476
11479
11480
11484
11485
11486
11487
11494
11495
11496
11497
11500
11502
11504
11506
11507
11508
11509
11510
11515
11516
11517
11518
11519
11520
11523
11526
11527
11529
11530
11532
11535
11538
11539
11540
11541
11543
11544
11545
11546
11547
11548
11550
11551
11552
11553
11554
11555
11556
11558
11559
11560
11562
11563
11564
11567
11570
11573
11574
11575
11576
11581
11582
11583
11584
11585
11588
11590
11591
11593
11594
11596
11597
11598
11599
11600
11602
11604
11608
11610
11611
11612
11615
11616
11619
11620
11621
11622
11625
11626
11627
11629
11630
11631
11632
11633
11634
11635
11636
11638
11639
11641
11645
11646
11648
11649
11652
11654
11655
11657
11659
11660
11661
11662
11663
11664
11665
11666
11667
11668
11669
11670
11671
11673
11678
11679
11680
11682
11684
11685
11687
11688
11689
11692
11698
11700
11701
11704
11705
11706
11707
11709
11710
11713
11714
11715
11716
11717
11718
11719
11720
11725
11727
11728
11730
11732
11734
11735
11736
11737
11739
11740
11741
11743
11744
11746
11750
11752
11754
11757
11758
11759
11760
11761
11762
11763
11764
11765
11767
11768
11770
11771
11773
11774
11775
11776
11778
11780
11781
11784
11785
11787
11789
11791
11792
11794
11795
11796
11797
11799
11800
11801
11802
11803
11804
11807
11808
11809
11811
11813
11819
11823
11824
11829
11830
11834
11837
11838
11839
11840
11841
11842
11843
11844
11845
11846
11848
11849
11851
11852
11854
11856
11859
11861
11862
11863
11864
11865
11866
11867
11869
11870
11873
11874
11875
11877
11879
11885
11886
11888
11889
11890
11892
11895
11896
11898
11899
11900
11901
11906
11907
11908
11910
11913
11914
11916
11920
11924
11925
11926
11927
11930
11932
11933
11934
11935
11938
11939
11943
11944
11945
11946
11947
11948
11949
11950
11952
11953
11954
11955
11956
11957
11959
11960
11961
11962
11963
11964
11965
11968
11969
11970
11971
11978
11980
11981
11982
11983
11985
11986
11988
11989
11990
11991
11996
11998
11999
12000
12001
12002
12009
12010
12011
12013
12016
12019
12020
12021
12022
12023
12026
12028
12031
12033
12034
12035
12036
12041
12042
12043
12045
12047
12048
12049
12050
12052
12054
12056
12061
12062
12063
12064
12069
12070
12072
12074
12076
12077
12078
12080
12081
12089
12090
12091
12097
12098
12099
12100
12103
12104
12106
12107
12109
12110
12111
12112
12113
12116
12118
12119
12121
12123
12125
12129
12131
12132
12133
12134
12135
12136
12138
12139
12140
12141
12142
12143
12147
12148
12151
12152
12154
12155
12156
12159
12160
12161
12163
12164
12165
12166
12167
12168
12170
12171
12172
12174
12175
12178
12180
12181
12182
12183
12186
12188
12189
12190
12191
12192
12194
12196
12197
12198
12200
12201
12203
12208
12209
12211
12212
12214
12215
12216
12218
12220
12221
12224
12225
12227
12230
12232
12233
12234
12235
12236
12237
12238
12241
12243
12244
12248
12249
12250
12251
12253
12255
12256
12257
12258
12259
12260
12261
12262
12264
12265
12266
12268
12269
12270
12271
12275
12276
12277
12279
12281
12282
12283
12284
12286
12287
12288
12289
12290
12291
12292
12293
12294
12295
12297
12298
12300
12305
12306
12307
12313
12314
12316
12320
12322
12324
12327
12328
12329
12330
12331
12332
12333
12334
12337
12339
12341
12346
12347
12348
12349
12353
12354
12355
12356
12357
12358
12359
12360
12361
12362
12364
12365
12366
12368
12372
12374
12378
12379
12380
12382
12387
12388
12391
12392
12393
12395
12396
12397
12398
12399
12401
12402
12403
12405
12406
12407
12413
12414
12415
12418
12419
12420
12423
12424
12426
12427
12428
12430
12431
12433
12434
12436
12438
12439
12440
12441
12443
12444
12446
12448
12453
12454
12455
12456
12458
12460
12463
12465
12466
12467
12468
12469
12471
12473
12477
12479
12480
12481
12483
12486
12487
12488
12489
12491
12493
12494
12495
12497
12500
12503
12505
12507
12508
12509
12511
12512
12513
12515
12520
12521
12522
12523
12524
12525
12526
12528
12529
12532
12533
12535
12538
12540
12541
12542
12543
12545
12552
12553
12554
12555
12557
12559
12560
12561
12562
12563
12564
12565
12567
12569
12571
12572
12574
12575
12576
12577
12578
12580
12581
12582
12584
12585
12586
12588
12589
12590
12591
12592
12593
12595
12597
12598
12599
12600
12602
12604
12605
12606
12610
12611
12612
12613
12614
12615
12616
12617
12619
12622
12625
12626
12627
12631
12632
12633
12634
12635
12637
12640
12642
12644
12645
12648
12649
12650
12652
12653
12655
12656
12659
12660
12662
12666
12667
12669
12670
12672
12673
12674
12677
12678
12680
12681
12682
12684
12685
12687
12689
12692
12693
12694
12696
12697
12698
12699
12700
12701
12705
12706
12708
12709
12710
12714
12717
12719
12720
12721
12723
12725
12726
12727
12728
12730
12731
12734
12735
12736
12737
12738
12739
12740
12741
12744
12748
12750
12751
12752
12755
12756
12757
12758
12759
12761
12762
12763
12764
12765
12766
12767
12768
12770
12773
12774
12776
12777
12778
12779
12781
12782
12788
12789
12790
12791
12792
12793
12794
12795
12797
12798
12799
12801
12802
12804
12805
12807
12809
12811
12813
12814
12817
12819
12820
12822
12823
12824
12826
12827
12832
12833
12835
12836
12837
12838
12839
12846
12848
12850
12851
12852
12853
12855
12856
12858
12859
12861
12862
12865
12868
12871
12872
12873
12874
12876
12879
12881
12882
12883
12885
12889
12892
12893
12894
12896
12897
12898
12899
12902
12903
12904
12905
12906
12907
12910
12911
12912
12913
12914
12915
12916
12918
12920
12921
12922
12923
12924
12926
12927
12932
12944
12945
12947
12948
12949
12951
12953
12958
12959
12961
12963
12964
12965
12968
12971
12973
12975
12977
12978
12979
12980
12981
12982
12984
12986
12987
12989
12990
12992
12993
12995
12996
13002
13003
13004
13005
13006
13007
13008
13010
13011
13012
13013
13014
13015
13018
13019
13022
13023
13024
13025
13027
13028
13029
13031
13032
13034
13035
13036
13037
13040
13041
13042
13046
13047
13048
13049
13050
13051
13052
13058
13059
13062
13064
13065
13066
13071
13074
13075
13076
13078
13081
13083
13084
13085
13086
13087
13088
13091
13093
13095
13096
13097
13099
13102
13104
13106
13107
13108
13114
13115
13117
13118
13119
13120
13121
13122
13123
13124
13125
13126
13127
13128
13129
13130
13132
13133
13134
13135
13136
13137
13138
13139
13140
13141
13144
13145
13146
13147
13148
13149
13150
13151
13152
13155
13156
13157
13158
13159
13162
13163
13169
13170
13172
13174
13175
13176
13177
13179
13180
13185
13186
13187
13189
13193
13194
13195
13196
13198
13200
13203
13205
13207
13208
13209
13210
13213
13215
13216
13217
13218
13221
13225
13227
13230
13232
13233
13234
13235
13237
13238
13239
13240
13243
13244
13247
13248
13250
13251
13252
13253
13254
13255
13256
13257
13261
13263
13264
13269
13271
13272
13273
13275
13276
13278
13279
13280
13282
13283
13284
13290
13291
13292
13293
13294
13296
13297
13299
13303
13307
13309
13311
13312
13313
13314
13315
13316
13320
13323
13326
13328
13329
13330
13333
13336
13337
13338
13339
13340
13341
13342
13343
13345
13347
13348
13349
13350
13351
13352
13354
13356
13359
13360
13362
13364
13366
13367
13368
13369
13371
13372
13375
13376
13377
13380
13381
13384
13388
13389
13392
13395
13396
13397
13399
13400
13401
13402
13403
13404
13406
13408
13409
13411
13412
13413
13414
13417
13418
13419
13420
13421
13424
13425
13426
13431
13432
13433
13435
13437
13438
13440
13441
13444
13445
13447
13448
13449
13450
13451
13452
13453
13454
13456
13458
13460
13461
13464
13465
13467
13469
13471
13472
13473
13474
13475
13477
13478
13479
13481
13483
13485
13486
13487
13488
13489
13490
13492
13494
13495
13498
13499
13500
13503
13504
13505
13506
13507
13510
13511
13513
13514
13515
13516
13518
13519
13521
13523
13524
13525
13526
13527
13529
13530
13531
13535
13536
13539
13541
13542
13545
13546
13549
13550
13551
13553
13556
13557
13558
13559
13560
13563
13564
13571
13572
13573
13574
13575
13576
13577
13578
13579
13580
13581
13582
13583
13584
13585
13586
13587
13588
13589
13590
13591
13593
13594
13595
13596
13599
13601
13603
13604
13605
13606
13607
13608
13609
13613
13614
13617
13618
13619
13627
13629
13631
13633
13636
13637
13641
13642
13644
13645
13646
13647
13648
13649
13650
13653
13654
13655
13660
13661
13662
13663
13665
13666
13667
13668
13671
13672
13674
13676
13678
13679
13681
13682
13683
13685
13686
13688
13690
13692
13693
13696
13698
13699
13700
13701
13703
13705
13707
13709
13710
13711
13713
13714
13719
13721
13723
13724
13727
13728
13729
13730
13731
13733
13734
13740
13741
13743
13744
13746
13747
13750
13751
13752
13755
13758
13760
13761
13762
13765
13766
13767
13768
13769
13770
13771
13772
13773
13774
13777
13780
13781
13783
13784
13786
13787
13788
13792
13794
13795
13796
13797
13798
13800
13801
13802
13804
13807
13810
13811
13813
13814
13817
13819
13821
13822
13823
13824
13825
13826
13828
13829
13830
13831
13832
13834
13836
13838
13842
13843
13845
13847
13848
13849
13850
13851
13853
13854
13855
13857
13858
13860
13862
13867
13868
13870
13871
13872
13874
13875
13878
13881
13882
13884
13886
13887
13889
13890
13891
13892
13893
13895
13896
13898
13899
13901
13902
13904
13905
13907
13908
13909
13910
13911
13913
13915
13917
13918
13919
13920
13921
13922
13923
13926
13928
13929
13930
13932
13933
13934
13935
13936
13938
13939
13940
13942
13943
13944
13946
13949
13952
13955
13956
13957
13958
13960
13961
13962
13963
13967
13968
13971
13972
13974
13975
13976
13978
13979
13980
13981
13982
13983
13984
13985
13986
13988
13989
13990
13991
13992
13993
13996
13997
14000
14001
14005
14009
14011
14012
14015
14017
14018
14020
14021
14022
14023
14026
14027
14028
14029
14030
14031
14032
14033
14034
14035
14039
14040
14041
14042
14043
14045
14046
14047
14049
14050
14051
14052
14053
14054
14055
14058
14059
14060
14062
14063
14064
14065
14071
14073
14074
14075
14076
14078
14079
14080
14081
14082
14083
14084
14085
14086
14088
14089
14090
14091
14098
14099
14100
14101
14102
14104
14106
14107
14109
14110
14111
14112
14113
14114
14115
14116
14117
14118
14119
14120
14121
14122
14123
14125
14126
14128
14129
14130
14131
14134
14135
14136
14137
14140
14141
14143
14144
14147
14149
14150
14151
14152
14153
14154
14155
14160
14162
14164
14165
14169
14170
14172
14173
14174
14175
14178
14179
14180
14181
14182
14184
14185
14187
14191
14192
14193
14194
14197
14198
14199
14201
14202
14203
14204
14207
14208
14209
14210
14214
14215
14216
14218
14219
14221
14222
14225
14227
14228
14229
14231
14232
14234
14236
14237
14238
14240
14242
14244
14246
14248
14249
14253
14254
14255
14256
14257
14258
14260
14261
14262
14263
14265
14267
14268
14269
14271
14272
14274
14276
14278
14280
14281
14284
14285
14287
14288
14289
14290
14291
14292
14295
14297
14298
14299
14300
14303
14305
14308
14311
14312
14313
14315
14318
14319
14320
14322
14323
14324
14326
14327
14329
14330
14331
14334
14335
14336
14337
14339
14341
14342
14344
14345
14346
14349
14350
14352
14353
14354
14356
14359
14360
14361
14363
14364
14365
14367
14369
14370
14371
14372
14374
14376
14377
14379
14380
14381
14382
14383
14384
14385
14386
14387
14388
14389
14391
14394
14395
14396
14397
14399
14400
14401
14407
14408
14410
14411
14414
14415
14416
14419
14422
14424
14426
14427
14428
14429
14430
14431
14432
14433
14434
14435
14436
14437
14438
14439
14441
14442
14444
14445
14446
14449
14450
14451
14452
14453
14455
14457
14460
14461
14463
14464
14465
14467
14469
14470
14471
14472
14475
14476
14477
14478
14479
14484
14485
14487
14488
14491
14495
14496
14497
14498
14502
14506
14510
14512
14513
14515
14516
14517
14518
14523
14524
14525
14528
14529
14530
14531
14532
14535
14537
14539
14540
14542
14543
14544
14545
14546
14547
14548
14549
14550
14551
14552
14554
14556
14559
14561
14563
14564
14565
14566
14567
14569
14571
14573
14574
14576
14577
14579
14580
14581
14582
14586
14587
14590
14591
14593
14596
14599
14600
14601
14602
14603
14605
14606
14608
14609
14615
14616
14620
14621
14622
14623
14624
14625
14626
14627
14628
14629
14630
14631
14632
14633
14634
14635
14636
14637
14638
14640
14642
14643
14646
14648
14651
14652
14653
14656
14657
14658
14660
14661
14662
14666
14667
14668
14670
14671
14672
14673
14674
14675
14676
14677
14678
14680
14681
14683
14684
14685
14686
14687
14688
14689
14690
14691
14692
14693
14694
14695
14696
14697
14699
14700
14701
14702
14703
14704
14705
14706
14707
14709
14711
14712
14713
14714
14715
14716
14717
14719
14720
14721
14723
14724
14725
14726
14727
14728
14729
14730
14732
14734
14735
14736
14738
14739
14740
14741
14742
14743
14745
14746
14747
14749
14750
14753
14754
14755
14757
14758
14759
14760
14761
14762
14763
14764
14765
14766
14767
14768
14769
14770
14771
14772
14773
14774
14775
14776
14777
14778
14779
14783
14784
14785
14787
14788
14789
14790
14791
14792
14793
14794
14796
14797
14799
14800
14801
14802
14804
14805
14806
14809
14810
14811
14812
14813
14815
14816
14817
14818
14819
14820
14821
14822
14824
14825
14826
14827
14828
14830
14832
14833
14835
14837
14838
14839
14840
14841
14842
14844
14845
14846
14847
14848
14850
14852
14853
14854
14855
14856
14857
14858
14859
14860
14861
14862
14864
14865
14866
14868
14869
14870
14871
14872
14873
14874
14875
14876
14877
14878
14879
14880
14882
14885
14886
14887
14888
14889
14890
14891
14892
14894
14896
14897
14899
14901
14904
14906
14907
14908
14909
14910
14911
14912
14913
14914
14915
14916
14917
14918
14919
14920
14921
14922
14923
14924
14925
14926
14927
14930
14931
14932
14933
14934
14935
14936
14937
14938
14939
14941
14942
14943
14944
14945
14946
14947
14948
14949
14954
14955
14957
14958
14960
14961
14962
14963
14965
14966
14967
14969
14970
14971
14972
14973
14974
14978
14980
14981
14982
14984
14985
14986
14987
14988
14989
14991
14992
14994
14995
14996
14998
14999
15000
15001
15002
15003
15004
15005
15006
15007
15008
15009
15010
15011
15014
15015
15016
15018
15020
15021
15022
15023
15024
15025
15026
15027
15028
15029
15030
15032
15033
15035
15036
15037
15038
15039
15040
15042
15043
15044
15045
15046
15047
15048
15049
15050
15051
15053
15054
15055
15056
15057
15058
15059
15060
15061
15062
15063
15065
15066
15067
15068
15069
15070
15071
15072
15073
15075
15076
15077
15078
15079
15080
15081
15083
15084
15085
15086
15087
15088
15090
15091
15092
15093
15094
15095
15096
15098
15099
15101
15102
15104
15105
15106
15107
15108
15109
15110
15111
15113
15114
15115
15116
15117
15119
15120
15121
15122
15123
15124
15125
15126
15128
15130
15131
15132
15133
15135
15136
15137
15139
15140
15141
15142
15143
15144
15146
15147
15148
15149
15150
15151
15152
15153
15154
15155
15156
15157
15160
15163
15164
15165
15166
15167
15169
15170
15171
15172
15173
15174
15175
15176
15177
15178
15179
15181
15182
15184
15185
15186
15188
15190
15192
15193
15194
15195
15196
15197
15198
15199
15200
15202
15203
15205
15206
15207
15208
15209
15210
15211
15212
15213
15214
15215
15216
15217
15219
15220
15221
15224
15225
15226
15227
15228
15229
15230
15232
15233
15234
15235
15237
15239
15240
15241
15242
15244
15245
15246
15247
15248
15249
15250
15251
15253
15254
15256
15257
15258
15259
15260
15261
15262
15263
15264
15265
15266
15267
15269
15272
15273
15274
15275
15276
15277
15278
15279
15280
15281
15282
15284
15285
15286
15287
15288
15290
15291
15292
15293
15294
15295
15296
15297
15298
15299
15300
15301
15302
15308
15309
15311
15312
15314
15315
15317
15318
15319
15321
15322
15323
15324
15325
15326
15327
15328
15329
15330
15331
15332
15333
15334
15336
15338
15339
15340
15341
15342
15343
15344
15345
15346
15347
15348
15350
15352
15354
15355
15357
15358
15359
15360
15361
15362
15364
15365
15366
15368
15370
15371
15372
15374
15375
15376
15377
15378
15379
15380
15381
15382
15384
15385
15386
15387
15388
15389
15390
15391
15392
15393
15394
15395
15396
15397
15398
15399
15400
15401
15402
15403
15404
15405
15406
15408
15409
15410
15412
15414
15415
15416
15417
15418
15419
15420
15421
15422
15423
15425
15427
15428
15429
15431
15433
15434
15435
15437
15438
15440
15441
15442
15443
15444
15445
15446
15447
15448
15449
15450
15451
15452
15453
15454
15455
15456
15457
15458
15459
15460
15461
15462
15463
15464
15465
15466
15468
15469
15470
15471
15472
15474
15475
15477
15478
15479
15480
15481
15482
15486
15487
15488
15489
15490
15491
15492
15493
15497
15499
15500
15501
15502
15503
15504
15505
15506
15507
15508
15509
15510
15511
15512
15513
15514
15515
15518
15519
15521
15522
15523
15524
15525
15527
15528
15531
15533
15534
15535
15537
15538
15539
15541
15542
15543
15544
15545
15546
15547
15548
15550
15552
15553
15554
15556
15557
15558
15559
15560
15561
15562
15563
15564
15565
15566
15567
15569
15572
15573
15574
15575
15577
15579
15582
15583
15584
15585
15586
15587
15588
15590
15591
15592
15593
15594
15595
15596
15597
15598
15599
15600
15601
15603
15604
15605
15606
15607
15609
15610
15611
15612
15614
15616
15617
15618
15619
15620
15623
15624
15626
15627
15629
15630
15632
15633
15634
15635
15636
15638
15639
15640
15641
15643
15644
15647
15650
15652
15653
15654
15655
15656
15658
15659
15660
15661
15662
15663
15664
15665
15666
15667
15669
15670
15671
15672
15674
15675
15676
15678
15679
15680
15681
15682
15685
15686
15687
15688
15689
15690
15691
15692
15693
15694
15695
15697
15698
15699
15700
15701
15702
15704
15705
15706
15707
15708
15709
15710
15711
15712
15713
15714
15715
15716
15717
15718
15719
15721
15722
15723
15724
15725
15726
15727
15728
15729
15730
15731
15732
15733
15734
15736
15737
15738
15739
15740
15741
15742
15744
15746
15747
15748
15749
15750
15752
15753
15754
15756
15757
15758
15760
15762
15764
15766
15767
15768
15769
15770
15771
15772
15773
15775
15777
15778
15780
15781
15782
15783
15785
15786
15787
15789
15790
15791
15792
15795
15796
15797
15798
15799
15800
15801
15803
15804
15805
15806
15807
15809
15811
15812
15813
15814
15816
15817
15819
15820
15821
15822
15823
15824
15825
15826
15827
15828
15829
15830
15831
15832
15833
15834
15835
15836
15838
15839
15841
15843
15846
15847
15848
15849
15850
15851
15852
15853
15855
15856
15857
15858
15859
15860
15861
15864
15865
15866
15867
15868
15869
15870
15871
15872
15873
15874
15875
15876
15877
15879
15880
15881
15882
15883
15885
15887
15888
15889
15890
15891
15893
15895
15896
15897
15898
15900
15901
15902
15906
15907
15908
15909
15911
15912
15914
15915
15917
15918
15919
15920
15921
15922
15923
15924
15925
15927
15928
15929
15930
15931
15932
15934
15935
15938
15939
15940
15944
15945
15948
15949
15950
15951
15952
15953
15954
15955
15956
15957
15958
15959
15960
15961
15963
15964
15965
15966
15968
15969
15970
15971
15973
15974
15975
15978
15979
15980
15982
15983
15984
15985
15986
15987
15988
15991
15993
15994
15995
15996
15998
16000
16001
16002
16003
16004
16005
16007
16008
16009
16010
16011
16012
16013
16014
16015
16016
16017
16018
16020
16021
16022
16023
16024
16026
16027
16029
16031
16032
16033
16034
16035
16036
16037
16038
16039
16040
16041
16042
16043
16046
16047
16048
16049
16050
16051
16052
16053
16055
16056
16057
16058
16062
16063
16064
16065
16066
16067
16068
16069
16070
16071
16072
16073
16074
16075
16076
16077
16079
16081
16082
16083
16084
16085
16086
16087
16089
16090
16091
16092
16093
16095
16097
16098
16099
16101
16102
16103
16104
16105
16107
16108
16109
16111
16112
16114
16115
16116
16117
16119
16120
16121
16122
16123
16127
16128
16129
16130
16131
16133
16134
16135
16136
16137
16138
16139
16142
16143
16144
16145
16146
16147
16148
16149
16150
16151
16152
16153
16154
16155
16156
16157
16158
16159
16161
16163
16165
16166
16167
16168
16170
16171
16173
16174
16176
16177
16178
16179
16180
16181
16182
16184
16186
16187
16188
16189
16191
16192
16194
16195
16196
16197
16199
16200
16201
16202
16203
16204
16205
16207
16208
16209
16210
16211
16212
16213
16214
16215
16216
16218
16219
16220
16222
16223
16224
16225
16226
16228
16229
16230
16232
16233
16234
16236
16237
16238
16239
16241
16242
16243
16244
16245
16246
16248
16249
16250
16251
16252
16255
16256
16258
16259
16260
16261
16262
16263
16265
16266
16267
16268
16269
16270
16272
16273
16274
16275
16276
16277
16278
16279
16280
16281
16282
16283
16284
16285
16286
16289
16290
16294
16296
16297
16298
16299
16300
16301
16302
16304
16306
16307
16308
16309
16310
16311
16312
16313
16314
16315
16316
16317
16318
16319
16320
16321
16322
16323
16324
16325
16326
16327
16328
16330
16331
16332
16333
16334
16335
16336
16337
16338
16339
16340
16341
16342
16344
16347
16348
16349
16350
16351
16352
16353
16354
16355
16356
16358
16360
16361
16362
16364
16366
16367
16369
16370
16371
16372
16374
16376
16377
16379
16381
16382
16383
16384
16385
16387
16388
16390
16392
16393
16394
16395
16396
16397
16398
16402
16403
16404
16407
16408
16409
16410
16411
16412
16413
16415
16416
16417
16418
16419
16421
16422
16423
16424
16425
16426
16427
16428
16429
16430
16431
16432
16434
16435
16437
16438
16439
16442
16443
16444
16445
16446
16448
16449
16450
16451
16452
16453
16455
16456
16457
16458
16459
16460
16461
16462
16463
16464
16465
16466
16467
16468
16469
16470
16471
16472
16473
16475
16477
16478
16479
16480
16482
16483
16484
16485
16486
16488
16489
16490
16491
16492
16493
16494
16495
16496
16498
16500
16501
16502
16503
16504
16505
16507
16508
16509
16511
16513
16514
16516
16517
16518
16520
16522
16523
16524
16525
16528
16529
16530
16531
16532
16533
16534
16535
16537
16539
16540
16541
16542
16543
16544
16545
16546
16547
16548
16550
16552
16554
16555
16556
16557
16558
16559
16560
16561
16563
16565
16566
16568
16569
16570
16571
16573
16574
16575
16576
16578
16579
16581
16582
16583
16584
16585
16586
16587
16588
16589
16591
16593
16595
16596
16597
16598
16599
16600
16601
16604
16605
16607
16608
16610
16612
16613
16614
16615
16616
16617
16618
16619
16621
16625
16626
16627
16628
16629
16630
16631
16632
16633
16634
16635
16638
16639
16640
16641
16642
16644
16645
16646
16647
16648
16649
16650
16652
16654
16655
16656
16657
16659
16662
16663
16664
16666
16667
16668
16669
16670
16671
16672
16673
16674
16675
16676
16677
16678
16680
16681
16682
16683
16685
16686
16687
16688
16691
16692
16694
16696
16697
16698
16699
16701
16702
16704
16705
16706
16707
16708
16709
16710
16711
16712
16714
16715
16716
16717
16718
16719
16720
16721
16722
16723
16724
16726
16727
16728
16729
16730
16731
16732
16733
16734
16735
16736
16737
16738
16739
16740
16741
16742
16743
16744
16746
16747
16748
16749
16750
16751
16752
16753
16754
16755
16756
16757
16758
16759
16760
16762
16763
16764
16766
16767
16768
16769
16770
16771
16772
16773
16775
16776
16777
16778
16779
16780
16781
16782
16785
16787
16788
16791
16792
16793
16795
16796
16797
16799
16800
16801
16802
16803
16804
16805
16806
16807
16809
16810
16811
16812
16813
16814
16816
16817
16818
16820
16821
16823
16824
16825
16826
16827
16828
16829
16830
16831
16832
16833
16834
16835
16836
16837
16839
16843
16845
16846
16848
16850
16851
16852
16853
16854
16855
16856
16857
16858
16859
16860
16864
16866
16868
16870
16871
16872
16873
16874
16875
16876
16877
16878
16879
16880
16881
16882
16883
16884
16885
16886
16888
16890
16891
16892
16893
16894
16896
16898
16899
16900
16901
16903
16904
16905
16906
16908
16909
16910
16912
16913
16915
16916
16917
16921
16922
16923
16925
16926
16927
16928
16929
16930
16931
16933
16934
16936
16937
16938
16939
16940
16941
16943
16944
16946
16947
16948
16949
16950
16951
16952
16953
16954
16956
16957
16958
16959
16961
16962
16963
16964
16965
16966
16967
16969
16972
16974
16976
16977
16978
16979
16980
16981
16982
16983
16984
16985
16986
16987
16989
16990
16991
16992
16993
16994
16995
16996
16997
16999
17000
17001
17002
17003
17004
17006
17007
17009
17010
17011
17012
17013
17014
17015
17016
17017
17020
17021
17022
17023
17024
17026
17027
17030
17031
17032
17034
17036
17037
17040
17041
17043
17046
17047
17048
17049
17050
17052
17053
17054
17056
17057
17058
17061
17062
17063
17064
17065
17066
17067
17069
17070
17071
17072
17073
17074
17075
17076
17078
17079
17080
17081
17082
17083
17086
17087
17088
17090
17091
17093
17094
17095
17096
17097
17098
17099
17100
17101
17102
17103
17104
17105
17106
17107
17108
17109
17111
17112
17113
17114
17115
17117
17118
17119
17120
17121
17122
17123
17124
17125
17126
17127
17128
17130
17131
17132
17133
17134
17135
17136
17138
17139
17140
17141
17142
17144
17145
17146
17147
17148
17150
17151
17152
17153
17155
17156
17157
17158
17159
17160
17161
17163
17164
17165
17166
17167
17168
17170
17171
17172
17173
17174
17175
17176
17177
17178
17179
17180
17181
17182
17183
17184
17185
17186
17187
17189
17191
17193
17194
17195
17196
17197
17198
17199
17200
17201
17202
17204
17205
17206
17209
17210
17212
17213
17214
17215
17216
17217
17218
17219
17220
17222
17223
17224
17225
17226
17227
17228
17229
17230
17232
17233
17234
17235
17237
17238
17239
17240
17241
17243
17244
17245
17246
17247
17249
17250
17252
17253
17254
17255
17256
17257
17258
17259
17260
17262
17264
17265
17266
17267
17269
17270
17271
17274
17275
17276
17277
17281
17282
17283
17286
17287
17288
17289
17290
17292
17293
17294
17295
17296
17297
17298
17299
17300
17301
17302
17304
17305
17306
17308
17309
17311
17312
17314
17315
17316
17317
17318
17319
17320
17321
17322
17324
17325
17326
17327
17328
17329
17332
17333
17334
17335
17336
17338
17339
17340
17342
17345
17346
17348
17349
17350
17352
17353
17354
17355
17356
17357
17358
17359
17360
17361
17362
17363
17364
17365
17366
17367
17368
17369
17370
17371
17372
17373
17374
17375
17376
17377
17381
17382
17383
17385
17386
17387
17388
17389
17390
17391
17392
17393
17394
17395
17396
17400
17401
17402
17403
17404
17405
17406
17407
17408
17409
17410
17411
17412
17413
17414
17415
17416
17417
17418
17419
17420
17421
17422
17423
17424
17426
17427
17428
17429
17430
17431
17432
17433
17436
17438
17443
17444
17445
17446
17447
17448
17449
17450
17451
17452
17453
17454
17455
17456
17457
17459
17460
17463
17464
17465
17466
17467
17468
17469
17470
17471
17472
17474
17475
17476
17478
17479
17481
17482
17483
17485
17487
17488
17489
17491
17492
17493
17494
17495
17496
17497
17498
17499
17500
17501
17502
17503
17504
17505
17506
17508
17509
17510
17511
17514
17515
17516
17517
17519
17520
17522
17523
17524
17525
17526
17528
17529
17530
17531
17534
17535
17537
17538
17541
17542
17543
17544
17545
17546
17547
17548
17549
17550
17551
17552
17553
17554
17555
17556
17557
17558
17559
17560
17562
17563
17564
17565
17567
17568
17570
17573
17574
17575
17576
17578
17579
17580
17582
17583
17584
17586
17587
17588
17589
17592
17593
17594
17595
17597
17598
17599
17600
17601
17602
17605
17606
17607
17608
17609
17610
17611
17613
17615
17616
17617
17619
17622
17623
17624
17625
17626
17627
17629
17630
17631
17632
17633
17634
17635
17636
17637
17638
17639
17640
17642
17643
17644
17646
17647
17648
17650
17651
17652
17653
17654
17655
17657
17659
17660
17661
17662
17663
17664
17666
17667
17668
17669
17670
17671
17673
17674
17675
17676
17677
17678
17680
17681
17682
17683
17684
17685
17686
17687
17688
17689
17690
17693
17694
17695
17697
17698
17699
17701
17702
17703
17705
17707
17708
17709
17710
17711
17712
17714
17715
17716
17717
17718
17719
17720
17722
17723
17724
17726
17727
17729
17732
17733
17734
17735
17736
17737
17738
17739
17740
17741
17742
17743
17744
17745
17746
17747
17748
17749
17750
17751
17753
17754
17755
17756
17757
17758
17759
17761
17764
17765
17766
17768
17769
17770
17771
17772
17775
17776
17777
17778
17779
17780
17781
17782
17783
17784
17785
17786
17787
17788
17789
17790
17791
17792
17795
17796
17798
17799
17800
17801
17802
17803
17804
17805
17806
17807
17808
17809
17810
17811
17812
17814
17815
17816
17818
17820
17821
17822
17823
17824
17825
17826
17827
17828
17829
17830
17831
17832
17833
17834
17835
17837
17838
17839
17840
17841
17842
17843
17844
17845
17846
17847
17848
17849
17851
17852
17853
17854
17856
17857
17860
17861
17862
17863
17865
17866
17868
17869
17870
17871
17872
17874
17875
17876
17877
17880
17881
17884
17885
17886
17887
17888
17889
17890
17891
17892
17894
17896
17897
17898
17899
17900
17901
17902
17903
17905
17906
17907
17909
17910
17911
17912
17913
17914
17915
17919
17920
17921
17922
17923
17924
17925
17927
17928
17929
17930
17931
17932
17933
17935
17936
17937
17938
17939
17941
17942
17944
17945
17946
17949
17950
17953
17954
17955
17956
17957
17958
17960
17961
17962
17963
17965
17966
17967
17968
17969
17973
17974
17976
17978
17979
17980
17981
17982
17984
17985
17986
17987
17988
17989
17990
17991
17992
17993
17994
17995
17996
17997
17998
17999
18000
18001
18002
18003
18004
18005
18006
18007
18008
18009
18010
18011
18012
18013
18014
18015
18017
18018
18019
18020
18021
18023
18024
18025
18026
18027
18028
18029
18030
18033
18034
18036
18037
18041
18042
18043
18044
18045
18046
18047
18048
18049
18050
18051
18052
18053
18054
18055
18057
18059
18061
18063
18064
18065
18066
18067
18069
18070
18071
18072
18073
18074
18075
18077
18078
18079
18082
18085
18087
18088
18089
18090
18091
18092
18093
18094
18097
18098
18099
18100
18101
18102
18103
18104
18105
18106
18108
18111
18112
18113
18114
18115
18117
18119
18120
18122
18123
18124
18125
18126
18127
18130
18131
18133
18134
18135
18137
18138
18139
18140
18141
18142
18144
18146
18148
18149
18150
18151
18152
18153
18154
18155
18156
18157
18160
18161
18163
18164
18166
18167
18168
18169
18170
18171
18172
18175
18176
18177
18178
18180
18181
18182
18183
18184
18185
18186
18189
18190
18191
18192
18193
18194
18195
18197
18198
18199
18200
18201
18202
18203
18206
18208
18210
18211
18212
18213
18214
18215
18216
18218
18219
18220
18221
18222
18224
18226
18227
18228
18229
18231
18232
18234
18235
18236
18238
18239
18241
18242
18245
18246
18248
18249
18250
18251
18253
18254
18255
18256
18257
18258
18259
18260
18262
18263
18264
18265
18269
18270
18272
18273
18275
18276
18277
18280
18282
18284
18285
18287
18288
18289
18290
18291
18292
18293
18294
18295
18296
18297
18298
18300
18302
18303
18304
18305
18306
18307
18308
18310
18311
18312
18313
18314
18315
18316
18317
18318
18319
18320
18321
18322
18323
18324
18325
18326
18327
18328
18329
18330
18331
18332
