0
1
2
5
6
8
9
10
12
13
17
18
20
21
25
26
27
33
35
38
39
40
45
46
47
49
51
54
57
58
61
63
64
65
66
67
68
70
73
74
75
77
78
79
81
83
84
86
87
92
93
94
95
96
98
100
104
105
106
107
108
109
114
115
116
117
120
125
126
127
128
129
130
132
133
134
136
137
138
141
144
145
148
149
150
151
152
154
161
162
163
164
165
166
167
168
169
171
172
174
175
176
177
178
179
180
181
182
185
186
187
189
190
192
193
196
197
199
201
202
204
205
206
207
208
210
211
213
214
215
216
219
220
221
222
224
225
228
229
231
232
234
235
236
241
246
247
248
249
251
252
253
256
258
259
260
261
262
263
264
265
266
267
268
269
270
271
272
274
275
276
277
280
281
282
283
285
286
287
289
290
291
292
293
294
295
298
300
301
302
306
308
311
313
314
316
317
318
321
323
327
328
329
330
331
332
336
337
339
340
343
347
349
351
352
353
354
355
356
357
360
363
364
366
368
369
370
375
376
379
380
381
382
383
384
385
387
388
390
393
397
401
402
403
406
412
413
417
418
419
420
422
423
425
426
429
431
432
433
434
435
438
439
440
442
443
446
447
448
450
452
454
455
456
458
460
461
462
463
465
466
469
470
471
473
475
476
477
478
479
480
481
483
485
486
488
489
491
492
493
494
495
496
497
498
501
502
505
507
509
511
513
514
516
527
528
529
530
535
536
539
540
541
542
543
544
545
546
549
550
553
554
557
559
560
562
566
567
569
570
571
574
575
576
577
578
579
582
588
590
592
594
596
597
598
599
600
601
603
604
607
610
611
613
615
616
619
620
621
622
623
624
626
627
628
629
630
631
632
634
635
637
638
640
641
642
643
644
645
646
649
650
651
652
653
656
658
661
663
665
667
668
673
675
676
679
680
682
684
686
687
688
689
690
691
693
694
695
696
697
698
699
700
701
702
703
704
705
709
710
711
712
714
715
716
717
719
720
722
724
725
727
729
731
732
733
736
737
739
740
741
742
744
745
746
748
751
752
753
755
760
763
764
766
767
768
770
771
772
773
775
776
777
778
779
780
782
783
787
788
790
791
792
795
796
797
798
801
802
804
808
810
811
813
815
819
820
821
823
824
825
826
828
829
830
831
832
833
834
837
838
839
841
843
845
847
848
851
852
855
856
857
858
860
862
863
865
866
870
871
873
874
875
877
879
880
881
882
883
884
886
888
889
890
891
892
893
897
899
901
902
906
909
910
913
917
918
922
924
925
926
927
928
930
931
932
933
934
935
938
941
944
945
946
947
948
950
951
952
955
957
959
960
963
968
970
971
973
974
975
976
978
979
980
982
983
985
986
987
989
990
991
994
996
997
998
999
1000
1002
1009
1011
1015
1017
1018
1019
1020
1021
1022
1023
1025
1026
1027
1029
1030
1032
1035
1036
1037
1040
1043
1045
1048
1049
1050
1051
1052
1053
1056
1058
1059
1061
1062
1069
1071
1073
1074
1076
1077
1078
1079
1080
1082
1084
1086
1087
1088
1090
1092
1093
1096
1099
1101
1102
1103
1104
1105
1106
1107
1108
1110
1111
1113
1116
1118
1120
1121
1123
1124
1125
1126
1127
1128
1132
1133
1137
1138
1140
1141
1142
1143
1147
1149
1151
1153
1154
1156
1160
1161
1162
1163
1165
1168
1169
1170
1173
1174
1176
1177
1180
1182
1184
1187
1188
1189
1190
1191
1192
1194
1195
1203
1204
1205
1206
1207
1208
1209
1210
1211
1212
1218
1219
1220
1221
1222
1226
1228
1230
1232
1233
1234
1243
1244
1246
1247
1248
1249
1250
1251
1253
1255
1259
1260
1261
1264
1265
1266
1267
1269
1270
1272
1276
1277
1278
1280
1281
1282
1283
1285
1286
1287
1290
1291
1293
1294
1296
1297
1298
1299
1300
1301
1302
1303
1304
1305
1306
1308
1309
1310
1313
1316
1317
1321
1323
1324
1326
1327
1328
1330
1332
1335
1337
1338
1339
1340
1341
1343
1344
1345
1346
1347
1350
1352
1353
1354
1358
1359
1361
1362
1365
1366
1369
1371
1372
1373
1374
1376
1379
1382
1383
1387
1390
1393
1395
1397
1398
1399
1400
1402
1403
1404
1405
1406
1408
1409
1410
1411
1412
1413
1414
1415
1418
1419
1420
1422
1423
1426
1427
1428
1429
1430
1431
1432
1433
1434
1435
1436
1440
1442
1445
1449
1451
1452
1453
1456
1460
1463
1464
1465
1466
1467
1470
1472
1473
1476
1479
1481
1483
1484
1485
1487
1488
1489
1498
1500
1501
1502
1503
1508
1510
1512
1513
1515
1518
1520
1521
1523
1525
1527
1528
1529
1530
1533
1536
1537
1538
1540
1541
1542
1544
1546
1547
1549
1550
1551
1553
1556
1558
1559
1561
1562
1563
1564
1565
1566
1567
1568
1569
1570
1572
1576
1577
1578
1579
1580
1582
1583
1584
1585
1586
1587
1590
1591
1599
1601
1603
1604
1605
1606
1609
1610
1614
1615
1619
1621
1622
1625
1627
1631
1632
1634
1635
1636
1637
1638
1639
1640
1641
1642
1645
1646
1648
1650
1652
1654
1655
1659
1661
1663
1665
1666
1667
1669
1670
1671
1672
1673
1675
1676
1678
1680
1681
1682
1683
1685
1687
1690
1692
1696
1697
1699
1702
1703
1705
1710
1712
1713
1714
1715
1719
1720
1721
1723
1724
1725
1726
1727
1729
1730
1731
1732
1733
1736
1738
1741
1742
1747
1748
1749
1750
1752
1754
1755
1757
1758
1760
1762
1764
1765
1766
1767
1769
1770
1772
1773
1774
1775
1776
1777
1778
1781
1782
1783
1784
1790
1791
1792
1793
1794
1795
1797
1798
1799
1800
1801
1803
1805
1806
1809
1810
1811
1812
1814
1815
1816
1818
1820
1821
1824
1825
1826
1828
1829
1830
1833
1834
1836
1837
1839
1840
1841
1842
1843
1844
1845
1847
1848
1850
1851
1852
1855
1858
1859
1860
1862
1863
1864
1865
1866
1868
1871
1873
1874
1876
1877
1878
1879
1881
1883
1884
1885
1886
1887
1889
1890
1891
1893
1896
1898
1899
1900
1902
1904
1905
1906
1908
1909
1910
1911
1912
1913
1914
1916
1920
1922
1924
1925
1926
1927
1928
1932
1934
1940
1941
1943
1944
1945
1946
1947
1948
1951
1952
1953
1954
1955
1956
1960
1961
1962
1963
1964
1965
1966
1967
1968
1970
1971
1972
1973
1974
1975
1976
1977
1978
1979
1980
1982
1985
1986
1987
1988
1991
1993
1995
1996
1997
1998
2000
2001
2004
2005
2006
2008
2009
2015
2017
2018
2019
2022
2023
2024
2025
2026
2030
2031
2033
2035
2037
2038
2042
2043
2046
2047
2048
2049
2050
2051
2052
2054
2055
2058
2062
2065
2067
2069
2071
2072
2075
2076
2077
2078
2080
2081
2082
2083
2084
2085
2086
2087
2088
2089
2091
2092
2093
2096
2097
2100
2101
2103
2104
2107
2109
2110
2113
2114
2116
2117
2118
2120
2121
2122
2124
2126
2127
2128
2129
2130
2131
2132
2133
2135
2136
2137
2138
2140
2141
2143
2144
2145
2147
2148
2149
2151
2152
2153
2154
2155
2156
2158
2159
2161
2162
2163
2164
2165
2166
2168
2169
2170
2176
2177
2180
2181
2183
2185
2187
2189
2190
2191
2192
2193
2194
2196
2200
2203
2204
2205
2208
2210
2211
2212
2213
2214
2216
2217
2220
2221
2222
2223
2225
2226
2227
2228
2230
2233
2234
2235
2236
2238
2240
2243
2245
2248
2249
2250
2252
2253
2255
2257
2258
2259
2261
2263
2266
2267
2270
2273
2274
2275
2280
2281
2282
2283
2285
2286
2288
2289
2290
2291
2292
2293
2294
2300
2301
2302
2303
2304
2305
2307
2309
2313
2314
2318
2322
2323
2327
2333
2334
2335
2336
2337
2338
2339
2343
2347
2348
2349
2352
2354
2358
2359
2360
2361
2363
2368
2369
2372
2374
2375
2376
2377
2378
2381
2383
2384
2385
2386
2389
2391
2392
2393
2394
2395
2396
2397
2398
2400
2402
2403
2404
2405
2408
2409
2410
2411
2412
2418
2419
2420
2422
2427
2428
2430
2432
2434
2435
2437
2439
2440
2441
2444
2446
2447
2448
2451
2452
2454
2455
2456
2459
2460
2461
2462
2463
2464
2465
2467
2470
2471
2472
2475
2478
2480
2483
2484
2485
2487
2489
2490
2492
2493
2494
2495
2496
2497
2500
2501
2503
2504
2505
2506
2508
2511
2513
2516
2521
2522
2524
2525
2527
2528
2530
2531
2534
2535
2537
2538
2539
2542
2544
2545
2546
2548
2549
2551
2552
2553
2554
2555
2557
2560
2561
2562
2563
2564
2565
2567
2571
2573
2574
2576
2579
2580
2581
2582
2585
2586
2587
2588
2590
2592
2593
2597
2598
2599
2600
2601
2603
2605
2606
2607
2608
2610
2613
2614
2615
2616
2617
2618
2619
2620
2622
2625
2627
2628
2631
2633
2634
2635
2638
2641
2644
2648
2649
2650
2651
2652
2656
2657
2658
2659
2660
2661
2662
2664
2667
2668
2669
2671
2673
2674
2676
2680
2681
2682
2683
2684
2685
2686
2688
2690
2691
2692
2694
2695
2697
2698
2701
2704
2705
2707
2709
2711
2716
2719
2722
2723
2726
2727
2728
2730
2733
2737
2739
2743
2744
2745
2747
2748
2749
2750
2754
2755
2756
2757
2758
2761
2764
2765
2766
2767
2769
2770
2774
2775
2776
2777
2778
2779
2780
2783
2784
2785
2787
2788
2789
2790
2791
2792
2793
2794
2795
2796
2797
2798
2800
2801
2802
2803
2804
2805
2806
2807
2813
2816
2817
2818
2819
2820
2823
2824
2825
2826
2828
2829
2830
2834
2837
2839
2842
2843
2846
2850
2851
2855
2856
2857
2858
2859
2861
2862
2863
2864
2867
2868
2869
2870
2873
2874
2875
2877
2878
2879
2881
2882
2885
2888
2889
2891
2892
2894
2896
2898
2900
2901
2902
2903
2905
2907
2909
2910
2911
2912
2913
2914
2915
2916
2920
2922
2924
2925
2927
2931
2932
2934
2935
2936
2937
2939
2940
2942
2943
2944
2946
2947
2948
2950
2952
2954
2955
2956
2957
2958
2959
2960
2966
2968
2969
2970
2971
2972
2976
2977
2979
2980
2981
2982
2984
2985
2986
2987
2988
2990
2992
2994
2995
2996
2997
2998
2999
3003
3006
3007
3008
3013
3014
3015
3016
3017
3018
3021
3022
3023
3024
3025
3027
3029
3030
3031
3035
3036
3037
3038
3039
3043
3044
3045
3048
3049
3051
3053
3055
3056
3058
3061
3062
3063
3068
3069
3070
3073
3074
3075
3076
3078
3080
3081
3082
3083
3086
3087
3088
3090
3091
3095
3097
3100
3101
3102
3104
3105
3106
3107
3109
3110
3112
3113
3114
3115
3116
3117
3118
3119
3122
3123
3124
3126
3127
3128
3129
3130
3131
3133
3135
3136
3138
3146
3147
3148
3149
3151
3152
3153
3154
3155
3156
3157
3158
3160
3161
3162
3163
3164
3165
3166
3171
3174
3176
3177
3179
3182
3184
3185
3186
3187
3189
3190
3191
3192
3193
3195
3196
3198
3199
3201
3202
3203
3205
3207
3210
3211
3212
3214
3215
3216
3217
3218
3220
3222
3223
3224
3225
3226
3227
3228
3230
3231
3232
3233
3234
3236
3238
3239
3241
3243
3245
3246
3247
3252
3253
3254
3255
3256
3257
3258
3264
3265
3267
3271
3273
3274
3276
3277
3278
3280
3281
3282
3284
3285
3287
3291
3292
3294
3295
3296
3297
3299
3301
3302
3303
3304
3306
3307
3308
3310
3314
3315
3317
3319
3320
3321
3322
3323
3326
3327
3328
3330
3331
3332
3338
3339
3341
3342
3343
3344
3345
3347
3351
3352
3353
3354
3355
3356
3357
3359
3360
3361
3363
3365
3366
3369
3370
3371
3373
3374
3378
3379
3383
3384
3385
3386
3387
3388
3389
3392
3394
3395
3396
3398
3401
3403
3404
3405
3406
3407
3410
3411
3413
3415
3417
3418
3419
3421
3422
3423
3424
3425
3426
3427
3428
3429
3431
3435
3436
3437
3442
3443
3446
3447
3448
3450
3451
3452
3453
3454
3456
3457
3458
3459
3460
3465
3466
3468
3471
3472
3475
3476
3479
3480
3482
3484
3488
3489
3490
3491
3495
3498
3499
3500
3501
3502
3503
3504
3506
3507
3508
3510
3512
3515
3516
3519
3520
3521
3522
3524
3526
3529
3531
3533
3536
3538
3539
3540
3541
3543
3544
3545
3547
3548
3550
3554
3555
3556
3558
3560
3562
3563
3564
3565
3567
3569
3571
3574
3575
3577
3578
3580
3582
3583
3587
3593
3595
3596
3597
3600
3601
3602
3604
3607
3612
3613
3616
3617
3619
3620
3621
3622
3623
3624
3628
3632
3633
3635
3638
3639
3644
3647
3648
3649
3650
3651
3653
3654
3655
3656
3657
3659
3660
3661
3662
3663
3664
3665
3666
3667
3668
3669
3670
3672
3673
3674
3675
3678
3679
3680
3681
3683
3685
3686
3688
3690
3692
3693
3696
3697
3698
3699
3703
3704
3705
3707
3708
3709
3711
3712
3713
3714
3716
3717
3718
3720
3722
3723
3726
3727
3728
3729
3730
3733
3734
3736
3738
3739
3740
3742
3743
3744
3745
3746
3747
3748
3749
3750
3751
3752
3754
3756
3759
3763
3764
3766
3767
3769
3772
3774
3777
3778
3779
3780
3783
3784
3785
3786
3788
3789
3790
3791
3795
3796
3798
3800
3802
3803
3805
3807
3810
3815
3817
3818
3822
3823
3824
3825
3826
3827
3828
3829
3830
3831
3832
3833
3835
3836
3838
3842
3843
3844
3845
3847
3848
3849
3851
3852
3854
3856
3857
3858
3861
3863
3865
3866
3867
3872
3875
3876
3883
3884
3885
3887
3891
3892
3893
3894
3895
3896
3897
3899
3901
3902
3903
3904
3905
3906
3908
3909
3910
3911
3912
3913
3914
3915
3916
3919
3920
3921
3922
3923
3924
3925
3926
3927
3929
3931
3934
3935
3937
3938
3940
3942
3943
3946
3950
3951
3952
3953
3954
3957
3958
3959
3961
3962
3963
3964
3966
3967
3968
3969
3972
3973
3974
3975
3978
3980
3981
3982
3984
3987
3989
3990
3991
3993
3994
3995
3996
3997
4000
4002
4003
4005
4006
4007
4008
4009
4010
4012
4013
4015
4017
4019
4022
4024
4025
4027
4028
4029
4030
4031
4032
4035
4036
4038
4039
4040
4042
4043
4044
4046
4048
4049
4052
4053
4054
4057
4058
4062
4064
4065
4066
4067
4069
4071
4072
4074
4075
4076
4077
4078
4079
4081
4082
4084
4085
4086
4087
4088
4090
4092
4093
4096
4097
4101
4103
4105
4106
4107
4109
4111
4112
4114
4115
4116
4117
4118
4120
4123
4124
4125
4126
4129
4131
4133
4135
4136
4137
4138
4140
4143
4145
4146
4148
4149
4150
4153
4154
4158
4159
4160
4162
4165
4167
4168
4169
4170
4173
4176
4177
4178
4179
4180
4181
4183
4184
4185
4186
4189
4192
4193
4194
4195
4196
4197
4206
4207
4209
4210
4211
4212
4213
4214
4215
4216
4220
4221
4222
4223
4224
4226
4228
4229
4231
4233
4235
4237
4239
4242
4244
4247
4248
4255
4257
4259
4263
4264
4265
4266
4267
4268
4269
4270
4271
4272
4273
4276
4277
4280
4281
4282
4283
4284
4285
4286
4289
4292
4296
4297
4298
4299
4302
4307
4309
4310
4311
4312
4314
4315
4318
4319
4321
4323
4326
4327
4328
4330
4332
4334
4336
4339
4340
4341
4342
4343
4345
4346
4347
4348
4350
4351
4352
4353
4354
4358
4359
4362
4363
4366
4367
4369
4370
4372
4373
4374
4375
4376
4377
4378
4380
4382
4383
4385
4386
4387
4389
4390
4391
4392
4393
4394
4395
4396
4397
4398
4399
4400
4406
4407
4408
4410
4411
4412
4413
4414
4415
4416
4418
4419
4423
4424
4425
4426
4427
4428
4431
4434
4437
4438
4442
4444
4446
4449
4451
4452
4454
4456
4459
4460
4462
4464
4465
4466
4474
4476
4477
4478
4480
4482
4483
4485
4486
4487
4490
4495
4496
4497
4498
4499
4500
4501
4502
4503
4506
4507
4508
4509
4511
4512
4513
4514
4517
4518
4519
4521
4522
4523
4524
4526
4527
4528
4529
4531
4533
4536
4539
4540
4541
4542
4545
4547
4551
4552
4553
4557
4558
4559
4561
4562
4563
4564
4567
4568
4569
4572
4577
4578
4583
4586
4587
4589
4590
4592
4596
4598
4599
4601
4603
4605
4608
4610
4613
4615
4616
4617
4620
4621
4622
4623
4625
4626
4627
4631
4632
4633
4634
4635
4636
4637
4638
4639
4640
4641
4642
4643
4644
4646
4650
4652
4654
4656
4657
4659
4660
4661
4663
4664
4665
4666
4667
4670
4671
4673
4674
4675
4676
4680
4683
4684
4686
4687
4688
4689
4695
4696
4697
4700
4701
4704
4705
4706
4707
4709
4710
4711
4713
4714
4715
4716
4717
4718
4720
4722
4724
4725
4728
4729
4732
4733
4734
4735
4736
4738
4742
4744
4749
4750
4751
4752
4753
4755
4757
4758
4760
4761
4762
4765
4767
4770
4772
4774
4775
4776
4778
4779
4780
4782
4783
4784
4785
4788
4790
4796
4797
4800
4801
4803
4804
4805
4806
4807
4808
4809
4810
4811
4814
4815
4816
4817
4820
4823
4826
4828
4830
4831
4832
4833
4836
4837
4839
4842
4843
4845
4846
4848
4849
4850
4852
4855
4858
4859
4860
4861
4864
4866
4869
4871
4872
4875
4876
4879
4880
4883
4884
4885
4886
4887
4889
4891
4894
4896
4897
4899
4900
4903
4904
4907
4909
4910
4911
4912
4914
4916
4917
4918
4919
4921
4923
4926
4928
4930
4932
4933
4934
4936
4937
4941
4942
4944
4945
4946
4947
4948
4949
4950
4951
4952
4955
4956
4958
4959
4961
4963
4965
4966
4968
4970
4972
4973
4976
4980
4981
4982
4984
4986
4987
4990
4991
4993
4995
4998
5000
5003
5004
5006
5008
5009
5012
5013
5014
5017
5018
5019
5022
5023
5024
5025
5027
5028
5035
5036
5037
5041
5042
5043
5044
5047
5048
5049
5050
5051
5052
5055
5057
5059
5063
5065
5066
5067
5068
5070
5073
5076
5077
5078
5079
5080
5081
5082
5085
5086
5089
5090
5091
5092
5093
5095
5097
5098
5100
5101
5105
5107
5109
5110
5111
5112
5113
5114
5115
5116
5118
5120
5121
5122
5123
5124
5128
5130
5134
5136
5145
5146
5147
5148
5149
5150
5157
5158
5159
5161
5163
5166
5168
5169
5170
5171
5172
5173
5174
5175
5177
5178
5179
5183
5184
5186
5187
5188
5189
5190
5191
5192
5193
5194
5195
5196
5197
5199
5200
5201
5202
5205
5208
5209
5210
5211
5212
5213
5214
5217
5218
5219
5220
5222
5223
5224
5226
5228
5229
5230
5233
5237
5238
5239
5250
5251
5255
5256
5258
5259
5260
5261
5263
5264
5265
5266
5268
5271
5272
5274
5275
5278
5279
5280
5287
5288
5289
5292
5294
5295
5300
5302
5303
5304
5305
5307
5308
5310
5311
5312
5313
5314
5315
5316
5317
5319
5321
5324
5325
5327
5328
5329
5330
5331
5334
5336
5337
5338
5341
5342
5344
5348
5351
5352
5354
5355
5356
5358
5360
5361
5362
5366
5370
5372
5373
5374
5378
5379
5383
5386
5388
5389
5390
5391
5392
5393
5396
5397
5398
5399
5400
5402
5403
5404
5405
5408
5411
5412
5413
5414
5418
5419
5420
5424
5426
5427
5428
5429
5430
5431
5436
5437
5438
5441
5444
5446
5447
5448
5449
5450
5451
5452
5453
5458
5460
5461
5464
5465
5466
5468
5469
5474
5476
5479
5481
5482
5485
5486
5487
5491
5492
5494
5498
5499
5500
5501
5503
5504
5506
5507
5513
5515
5516
5517
5518
5520
5521
5523
5524
5526
5527
5529
5530
5532
5533
5534
5538
5539
5540
5541
5542
5544
5547
5548
5549
5552
5554
5555
5556
5557
5558
5559
5560
5563
5565
5566
5568
5569
5571
5572
5573
5574
5575
5577
5578
5579
5580
5581
5583
5585
5586
5587
5588
5589
5591
5593
5594
5596
5597
5598
5599
5600
5601
5602
5603
5607
5608
5609
5610
5611
5612
5613
5614
5616
5617
5618
5619
5620
5621
5623
5626
5627
5628
5632
5633
5634
5635
5637
5638
5639
5641
5642
5643
5644
5645
5646
5647
5648
5649
5652
5654
5655
5656
5658
5660
5661
5663
5665
5666
5670
5671
5672
5675
5676
5678
5679
5681
5682
5685
5687
5688
5690
5693
5694
5696
5697
5698
5699
5700
5701
5702
5704
5707
5708
5710
5711
5712
5714
5716
5719
5720
5721
5723
5724
5725
5726
5727
5728
5731
5732
5733
5735
5737
5738
5739
5741
5742
5743
5744
5746
5749
5750
5751
5752
5753
5755
5756
5757
5758
5759
5761
5762
5765
5766
5767
5768
5769
5770
5771
5774
5779
5780
5782
5783
5784
5786
5787
5788
5789
5790
5792
5794
5795
5798
5799
5800
5801
5803
5807
5809
5811
5813
5814
5816
5819
5820
5821
5823
5824
5827
5830
5831
5833
5835
5838
5840
5841
5845
5846
5847
5848
5849
5851
5855
5856
5857
5860
5861
5863
5866
5867
5869
5872
5874
5875
5877
5879
5880
5883
5884
5885
5886
5888
5890
5891
5892
5893
5895
5896
5899
5901
5902
5903
5904
5905
5906
5907
5909
5910
5913
5915
5916
5918
5919
5923
5924
5925
5927
5930
5931
5933
5934
5940
5941
5942
5944
5946
5948
5949
5953
5954
5955
5959
5960
5962
5963
5964
5966
5967
5970
5972
5973
5976
5977
5978
5981
5983
5984
5986
5987
5988
5992
5994
5995
5996
6001
6002
6003
6004
6007
6010
6011
6012
6014
6015
6018
6019
6020
6021
6023
6024
6025
6028
6029
6030
6031
6034
6035
6039
6045
6046
6048
6049
6053
6055
6056
6057
6059
6062
6063
6064
6069
6071
6075
6077
6079
6080
6081
6082
6083
6084
6085
6088
6089
6090
6094
6095
6097
6101
6102
6106
6108
6109
6110
6111
6112
6113
6117
6118
6122
6124
6125
6126
6127
6128
6131
6132
6135
6138
6139
6140
6143
6146
6147
6148
6150
6151
6153
6154
6155
6156
6157
6158
6159
6162
6163
6165
6166
6168
6169
6171
6172
6173
6174
6175
6176
6178
6181
6183
6185
6186
6187
6188
6190
6191
6192
6193
6196
6197
6198
6199
6200
6202
6204
6206
6208
6211
6213
6214
6215
6216
6217
6219
6221
6223
6225
6226
6228
6229
6230
6233
6234
6235
6236
6238
6240
6241
6242
6243
6247
6248
6249
6250
6252
6253
6254
6255
6259
6260
6261
6269
6270
6273
6277
6279
6280
6281
6283
6285
6287
6288
6290
6291
6292
6295
6296
6297
6298
6300
6303
6306
6308
6309
6310
6311
6312
6314
6315
6316
6317
6320
6321
6323
6325
6326
6327
6329
6330
6331
6334
6337
6339
6340
6341
6342
6343
6345
6347
6348
6349
6350
6351
6352
6355
6357
6358
6360
6363
6365
6367
6369
6372
6373
6374
6376
6378
6382
6383
6384
6385
6386
6387
6388
6389
6390
6391
6392
6393
6396
6397
6401
6402
6403
6405
6406
6408
6409
6410
6414
6416
6417
6418
6423
6424
6426
6427
6430
6433
6435
6436
6437
6440
6446
6447
6449
6450
6451
6452
6453
6455
6457
6458
6460
6462
6463
6464
6465
6466
6467
6468
6469
6471
6473
6474
6479
6480
6481
6485
6486
6488
6490
6492
6493
6494
6495
6496
6499
6500
6501
6502
6503
6505
6507
6509
6510
6511
6512
6513
6517
6519
6520
6521
6522
6525
6526
6527
6528
6529
6530
6531
6533
6534
6535
6536
6537
6539
6544
6545
6546
6550
6551
6552
6554
6555
6556
6557
6558
6560
6561
6563
6564
6565
6566
6568
6569
6570
6572
6573
6575
6578
6579
6581
6582
6583
6585
6586
6589
6590
6592
6593
6595
6597
6599
6600
6603
6605
6606
6607
6608
6609
6611
6613
6614
6615
6616
6618
6619
6623
6624
6625
6628
6629
6631
6633
6635
6638
6639
6641
6643
6645
6646
6647
6649
6650
6651
6652
6653
6654
6655
6660
6661
6665
6667
6668
6669
6670
6673
6674
6675
6676
6677
6679
6680
6683
6684
6687
6688
6691
6692
6694
6697
6698
6699
6701
6704
6705
6706
6708
6709
6710
6711
6712
6713
6715
6717
6718
6719
6725
6727
6728
6730
6734
6735
6736
6737
6739
6740
6741
6744
6745
6746
6748
6750
6753
6754
6755
6758
6759
6763
6765
6766
6767
6768
6769
6774
6775
6776
6777
6778
6779
6786
6790
6791
6792
6794
6799
6800
6803
6804
6805
6808
6809
6810
6812
6814
6816
6818
6819
6823
6825
6826
6828
6829
6831
6832
6834
6835
6836
6837
6838
6839
6843
6845
6846
6847
6848
6849
6850
6851
6852
6853
6854
6856
6857
6858
6859
6860
6861
6862
6863
6865
6866
6867
6871
6874
6875
6876
6878
6879
6880
6881
6882
6883
6884
6885
6886
6887
6889
6890
6891
6892
6893
6894
6897
6898
6901
6902
6903
6904
6905
6906
6910
6912
6913
6914
6919
6920
6921
6922
6924
6929
6931
6932
6933
6935
6936
6939
6940
6941
6942
6943
6947
6952
6953
6955
6956
6957
6958
6960
6961
6962
6963
6964
6965
6968
6969
6971
6972
6973
6974
6977
6978
6979
6980
6981
6983
6985
6986
6990
6991
6992
6994
6995
6997
6998
7000
7001
7003
7005
7006
7007
7008
7009
7012
7013
7014
7015
7018
7019
7020
7021
7023
7024
7025
7027
7028
7029
7030
7033
7034
7035
7036
7037
7039
7040
7041
7044
7045
7048
7049
7050
7053
7056
7060
7062
7063
7064
7065
7066
7070
7071
7072
7074
7076
7077
7078
7079
7083
7084
7085
7086
7089
7091
7092
7094
7095
7096
7097
7098
7099
7101
7102
7104
7105
7106
7110
7111
7113
7114
7115
7116
7118
7119
7120
7121
7123
7124
7128
7130
7131
7132
7133
7135
7136
7138
7139
7144
7147
7150
7151
7152
7153
7155
7156
7160
7161
7162
7163
7167
7168
7169
7170
7171
7172
7175
7179
7180
7181
7184
7185
7186
7191
7193
7195
7196
7197
7201
7203
7204
7205
7207
7210
7213
7218
7219
7221
7222
7225
7227
7228
7229
7230
7231
7236
7238
7239
7240
7241
7245
7246
7249
7252
7253
7255
7257
7258
7259
7261
7262
7264
7265
7266
7268
7271
7273
7275
7277
7284
7285
7286
7290
7291
7293
7295
7299
7300
7301
7302
7304
7305
7308
7309
7311
7313
7314
7315
7316
7317
7320
7321
7322
7325
7326
7327
7328
7329
7332
7333
7335
7336
7338
7339
7341
7342
7343
7344
7345
7346
7349
7350
7352
7353
7354
7355
7357
7358
7359
7360
7361
7362
7364
7365
7366
7367
7368
7370
7371
7372
7373
7375
7376
7377
7378
7380
7381
7382
7384
7387
7388
7389
7390
7391
7393
7394
7395
7396
7397
7398
7399
7401
7402
7403
7406
7407
7410
7412
7414
7415
7416
7420
7421
7422
7427
7428
7429
7430
7434
7436
7437
7438
7439
7441
7442
7444
7446
7448
7449
7452
7455
7459
7460
7461
7463
7464
7465
7466
7468
7469
7470
7471
7472
7474
7475
7476
7477
7479
7481
7482
7483
7484
7487
7488
7489
7491
7493
7495
7497
7501
7503
7505
7506
7507
7509
7510
7517
7518
7519
7520
7521
7522
7523
7525
7526
7527
7528
7529
7531
7533
7534
7535
7537
7538
7539
7540
7541
7543
7545
7546
7550
7551
7552
7556
7558
7560
7562
7563
7564
7565
7566
7567
7568
7569
7571
7572
7574
7575
7576
7577
7579
7580
7581
7582
7583
7584
7585
7587
7588
7592
7593
7594
7595
7596
7601
7602
7603
7609
7610
7613
7614
7615
7617
7618
7620
7622
7623
7625
7627
7629
7631
7634
7636
7637
7638
7639
7641
7642
7643
7644
7647
7648
7649
7650
7651
7652
7656
7658
7659
7660
7662
7663
7665
7666
7667
7669
7670
7672
7673
7674
7677
7678
7679
7680
7682
7684
7685
7693
7694
7695
7696
7697
7698
7699
7700
7701
7703
7704
7706
7707
7708
7711
7713
7714
7716
7718
7719
7720
7721
7722
7723
7724
7726
7729
7730
7731
7734
7735
7736
7737
7739
7740
7741
7742
7743
7746
7749
7750
7751
7752
7754
7756
7757
7758
7759
7760
7761
7763
7764
7765
7767
7768
7769
7771
7772
7777
7779
7781
7782
7783
7784
7785
7787
7788
7790
7791
7792
7793
7796
7798
7799
7801
7803
7805
7806
7807
7808
7811
7813
7814
7816
7818
7819
7820
7823
7826
7827
7830
7831
7832
7834
7836
7837
7838
7839
7841
7842
7843
7847
7848
7850
7855
7856
7857
7858
7860
7861
7862
7863
7866
7867
7869
7870
7872
7873
7875
7876
7877
7878
7879
7880
7882
7883
7884
7885
7886
7889
7891
7892
7894
7896
7897
7899
7901
7902
7904
7905
7906
7908
7910
7911
7912
7913
7916
7917
7918
7920
7921
7922
7923
7924
7925
7926
7929
7931
7932
7935
7936
7937
7938
7940
7942
7944
7945
7946
7947
7948
7951
7952
7955
7957
7958
7961
7962
7963
7965
7966
7967
7968
7969
7972
7973
7974
7975
7977
7978
7980
7981
7982
7983
7984
7986
7987
7988
7990
7991
7993
7994
7995
7998
8000
8001
8004
8005
8006
8010
8012
8015
8017
8018
8020
8023
8024
8025
8026
8027
8029
8034
8035
8036
8037
8038
8040
8042
8044
8046
8048
8050
8051
8056
8057
8058
8059
8060
8062
8063
8068
8070
8071
8074
8075
8079
8084
8085
8086
8087
8089
8092
8094
8095
8097
8099
8101
8102
8104
8105
8108
8109
8110
8112
8114
8115
8116
8118
8120
8122
8125
8126
8127
8129
8134
8135
8137
8138
8139
8140
8142
8143
8144
8145
8146
8147
8148
8150
8153
8154
8155
8156
8158
8159
8160
8161
8162
8163
8165
8168
8170
8171
8174
8177
8178
8180
8182
8183
8185
8188
8189
8191
8192
8193
8195
8198
8199
8200
8201
8202
8205
8206
8208
8209
8211
8212
8213
8214
8216
8219
8220
8222
8223
8225
8227
8228
8229
8230
8232
8234
8235
8236
8238
8241
8242
8244
8245
8246
8248
8249
8250
8251
8254
8255
8257
8259
8260
8262
8263
8265
8266
8267
8269
8271
8272
8273
8275
8277
8278
8280
8281
8282
8285
8287
8288
8290
8292
8293
8294
8295
8296
8297
8300
8302
8303
8309
8310
8311
8315
8318
8320
8322
8323
8326
8328
8330
8333
8334
8336
8337
8339
8341
8345
8347
8351
8352
8354
8357
8359
8360
8361
8363
8365
8370
8371
8372
8375
8376
8377
8380
8381
8383
8384
8385
8386
8387
8388
8390
8393
8395
8396
8397
8398
8399
8402
8404
8406
8407
8408
8413
8414
8416
8417
8419
8420
8421
8422
8424
8425
8426
8428
8430
8431
8434
8435
8436
8437
8438
8442
8444
8445
8446
8447
8448
8450
8451
8453
8454
8455
8458
8460
8461
8462
8463
8464
8466
8469
8470
8472
8474
8477
8481
8482
8483
8484
8486
8488
8489
8490
8491
8492
8493
8494
8495
8497
8499
8500
8501
8502
8503
8504
8506
8508
8509
8511
8513
8514
8515
8516
8517
8519
8520
8521
8523
8526
8527
8529
8531
8532
8533
8535
8536
8537
8540
8541
8542
8543
8544
8545
8546
8548
8551
8556
8557
8559
8560
8563
8565
8566
8567
8568
8570
8574
8575
8576
8578
8580
8581
8585
8587
8589
8591
8592
8593
8594
8596
8597
8598
8599
8600
8601
8603
8606
8607
8608
8609
8610
8611
8612
8613
8614
8615
8619
8620
8621
8625
8630
8632
8635
8636
8637
8638
8639
8640
8642
8643
8645
8646
8648
8654
8655
8656
8659
8660
8661
8663
8665
8668
8669
8670
8671
8672
8674
8675
8676
8677
8679
8682
8683
8684
8685
8686
8688
8689
8690
8691
8692
8693
8694
8695
8698
8699
8700
8702
8703
8704
8705
8706
8707
8709
8713
8714
8715
8716
8719
8720
8721
8722
8728
8730
8733
8734
8735
8737
8738
8739
8740
8744
8748
8749
8750
8753
8754
8755
8758
8760
8762
8763
8766
8767
8768
8770
8771
8775
8776
8778
8779
8783
8785
8787
8789
8790
8792
8793
8794
8796
8798
8799
8800
8801
8802
8804
8806
8807
8808
8810
8811
8812
8815
8817
8818
8820
8822
8823
8830
8832
8833
8834
8836
8837
8838
8839
8844
8846
8847
8849
8850
8851
8853
8855
8856
8857
8859
8861
8862
8864
8865
8868
8869
8870
8871
8872
8873
8876
8877
8879
8880
8883
8884
8886
8887
8888
8889
8890
8891
8892
8894
8895
8897
8898
8899
8901
8905
8907
8908
8909
8910
8911
8912
8913
8914
8915
8916
8919
8920
8921
8922
8923
8924
8925
8926
8927
8929
8931
8932
8933
8936
8938
8939
8942
8944
8945
8946
8949
8950
8952
8953
8954
8955
8956
8957
8959
8961
8962
8963
8967
8968
8971
8972
8973
8974
8976
8977
8981
8983
8984
8985
8987
8988
8990
8991
8992
8993
8996
8998
8999
9001
9003
9004
9005
9006
9007
9008
9011
9013
9015
9016
9017
9018
9022
9023
9024
9025
9026
9027
9029
9030
9031
9032
9033
9035
9040
9044
9045
9046
9049
9051
9055
9056
9059
9061
9065
9066
9068
9069
9070
9071
9072
9075
9076
9077
9078
9080
9082
9083
9085
9086
9087
9088
9090
9091
9092
9093
9095
9097
9098
9099
9100
9101
9102
9103
9104
9106
9108
9110
9111
9114
9115
9116
9117
9119
9123
9124
9125
9126
9127
9129
9130
9131
9133
9135
9136
9139
9140
9141
9143
9144
9145
9148
9151
9153
9154
9155
9156
9157
9158
9159
9160
9161
9162
9164
9165
9166
9167
9168
9170
9177
9178
9180
9182
9183
9184
9185
9186
9187
9188
9192
9193
9194
9195
9197
9199
9203
9204
9205
9206
9207
9208
9210
9213
9214
9215
9218
9220
9221
9223
9224
9225
9227
9228
9229
9230
9231
9232
9233
9234
9235
9236
9239
9242
9244
9245
9247
9248
9253
9254
9255
9258
9259
9260
9261
9262
9264
9265
9268
9270
9272
9274
9275
9276
9277
9278
9280
9281
9282
9283
9284
9287
9288
9289
9290
9292
9294
9295
9301
9305
9308
9309
9310
9311
9312
9313
9314
9320
9321
9322
9323
9329
9330
9332
9333
9334
9337
9339
9341
9342
9344
9346
9348
9351
9352
9353
9354
9355
9357
9359
9360
9361
9362
9363
9364
9365
9368
9369
9371
9372
9374
9377
9378
9379
9380
9381
9383
9384
9385
9388
9389
9392
9393
9395
9396
9398
9399
9403
9404
9405
9407
9411
9413
9414
9417
9418
9419
9420
9422
9423
9424
9428
9429
9430
9431
9433
9434
9436
9440
9441
9443
9446
9450
9451
9452
9455
9456
9457
9458
9462
9464
9465
9471
9473
9474
9476
9479
9481
9482
9485
9486
9488
9489
9490
9491
9492
9493
9494
9498
9500
9502
9503
9506
9507
9508
9511
9512
9515
9516
9517
9518
9520
9521
9522
9523
9524
9525
9526
9528
9531
9537
9542
9543
9545
9548
9552
9554
9556
9557
9558
9559
9561
9562
9564
9566
9568
9569
9570
9571
9572
9573
9574
9575
9576
9577
9580
9582
9585
9586
9591
9592
9593
9594
9596
9599
9600
9601
9602
9604
9605
9607
9608
9609
9611
9613
9614
9615
9618
9619
9620
9621
9622
9627
9631
9632
9633
9635
9637
9638
9641
9643
9644
9648
9650
9651
9652
9653
9654
9655
9656
9657
9660
9661
9663
9665
9667
9668
9670
9671
9672
9674
9675
9676
9677
9678
9679
9680
9683
9685
9686
9687
9689
9691
9694
9699
9701
9702
9703
9704
9705
9706
9707
9708
9711
9712
9713
9715
9717
9718
9720
9722
9723
9724
9725
9727
9730
9731
9733
9734
9735
9737
9742
9745
9746
9748
9750
9752
9754
9755
9756
9758
9759
9761
9763
9766
9767
9769
9771
9772
9776
9778
9782
9783
9784
9785
9786
9788
9789
9790
9792
9793
9795
9797
9798
9799
9803
9805
9807
9808
9810
9811
9813
9814
9815
9816
9818
9820
9822
9828
9829
9830
9831
9833
9837
9839
9840
9844
9847
9849
9852
9853
9855
9856
9860
9861
9863
9865
9867
9868
9869
9871
9874
9876
9879
9884
9887
9888
9889
9892
9893
9894
9895
9896
9897
9901
9902
9903
9905
9906
9907
9908
9909
9910
9912
9913
9915
9916
9920
9921
9922
9923
9924
9928
9929
9931
9932
9933
9937
9938
9939
9940
9945
9948
9949
9952
9956
9962
9963
9964
9965
9967
9968
9969
9971
9972
9973
9976
9977
9978
9979
9980
9981
9982
9983
9986
9987
9990
9991
9992
9993
9995
9996
9999
10000
10001
10003
10004
10005
10006
10008
10010
10012
10015
10016
10017
10018
10019
10021
10022
10023
10024
10027
10028
10029
10030
10031
10033
10034
10035
10036
10037
10040
10041
10042
10045
10046
10047
10048
10051
10052
10055
10056
10057
10058
10059
10063
10064
10065
10071
10072
10073
10077
10078
10079
10080
10081
10087
10092
10093
10094
10095
10100
10103
10104
10105
10106
10107
10109
10110
10111
10112
10113
10114
10115
10117
10118
10119
10120
10121
10122
10123
10125
10127
10129
10130
10131
10132
10133
10136
10139
10141
10142
10143
10144
10148
10149
10151
10152
10153
10156
10157
10159
10160
10161
10163
10164
10165
10169
10171
10172
10173
10179
10180
10181
10182
10183
10184
10185
10187
10188
10190
10191
10192
10193
10195
10198
10199
10203
10206
10207
10210
10211
10215
10216
10218
10219
10220
10224
10226
10227
10228
10229
10230
10232
10233
10236
10237
10238
10241
10243
10245
10246
10247
10248
10251
10252
10254
10255
10256
10258
10259
10260
10261
10263
10265
10267
10268
10269
10270
10271
10272
10278
10280
10281
10282
10283
10284
10286
10287
10288
10289
10290
10291
10292
10293
10294
10297
10298
10299
10300
10301
10302
10303
10306
10307
10308
10309
10310
10311
10313
10314
10315
10317
10318
10319
10320
10321
10324
10325
10330
10332
10333
10334
10335
10336
10339
10340
10342
10344
10346
10347
10348
10353
10356
10359
10360
10361
10362
10364
10365
10368
10369
10370
10371
10372
10374
10376
10377
10380
10381
10383
10384
10386
10387
10389
10391
10392
10394
10395
10397
10398
10402
10404
10407
10409
10410
10413
10414
10415
10418
10419
10421
10422
10423
10425
10428
10429
10430
10434
10435
10437
10439
10440
10444
10445
10447
10451
10452
10454
10455
10456
10457
10459
10460
10462
10463
10464
10465
10466
10467
10469
10470
10473
10474
10475
10476
10478
10480
10481
10484
10485
10486
10487
10489
10490
10491
10492
10493
10494
10498
10499
10500
10501
10503
10504
10506
10507
10509
10510
10511
10512
10515
10516
10517
10520
10521
10523
10524
10525
10526
10527
10528
10529
10533
10534
10535
10536
10537
10541
10542
10549
10551
10552
10553
10554
10555
10556
10558
10563
10564
10566
10567
10571
10572
10573
10574
10575
10579
10580
10581
10582
10583
10584
10585
10589
10590
10591
10592
10593
10594
10595
10596
10597
10598
10602
10603
10606
10608
10610
10612
10613
10614
10615
10616
10617
10618
10619
10620
10622
10624
10627
10630
10633
10635
10636
10637
10639
10641
10643
10644
10645
10646
10648
10649
10652
10654
10655
10658
10660
10661
10662
10664
10665
10667
10669
10670
10672
10674
10676
10677
10678
10680
10682
10684
10685
10687
10689
10690
10691
10692
10693
10696
10697
10698
10699
10701
10702
10707
10708
10710
10712
10715
10716
10717
10718
10719
10721
10722
10723
10727
10728
10729
10730
10731
10733
10734
10737
10738
10739
10740
10741
10742
10745
10746
10747
10748
10749
10750
10751
10754
10756
10759
10761
10762
10765
10768
10769
10771
10772
10774
10776
10778
10779
10780
10781
10782
10783
10786
10790
10791
10792
10795
10796
10797
10799
10800
10801
10803
10804
10806
10808
10809
10810
10811
10812
10813
10816
10817
10819
10821
10822
10823
10824
10825
10826
10829
10830
10831
10832
10834
10837
10839
10841
10843
10844
10845
10847
10849
10850
10851
10853
10855
10856
10859
10861
10862
10865
10868
10869
10870
10873
10874
10875
10877
10878
10879
10880
10882
10888
10891
10894
10898
10899
10901
10907
10913
10915
10919
10923
10927
10928
10929
10930
10931
10933
10936
10937
10938
10939
10941
10942
10943
10944
10945
10946
10949
10951
10952
10954
10959
10961
10962
10963
10965
10969
10970
10972
10975
10976
10979
10980
10984
10986
10987
10991
10992
10997
10998
11001
11002
11003
11004
11005
11007
11009
11010
11011
11014
11015
11019
11020
11021
11022
11023
11024
11026
11027
11032
11033
11034
11036
11038
11039
11041
11044
11045
11047
11048
11053
11054
11055
11056
11057
11058
11060
11061
11062
11063
11064
11066
11070
11071
11072
11073
11075
11076
11077
11080
11081
11082
11083
11084
11085
11087
11088
11089
11091
11094
11095
11096
11098
11099
11100
11102
11104
11105
11109
11111
11112
11113
11114
11115
11117
11118
11120
11121
11123
11124
11125
11126
11127
11128
11130
11131
11132
11133
11135
11136
11138
11139
11144
11146
11147
11148
11150
11152
11153
11154
11155
11160
11161
11165
11166
11170
11171
11172
11173
11175
11177
11178
11179
11181
11183
11185
11189
11192
11194
11195
11197
11199
11201
11203
11204
11206
11207
11208
11209
11210
11212
11214
11215
11216
11217
11218
11219
11223
11224
11225
11227
11228
11229
11230
11231
11232
11233
11236
11237
11240
11241
11242
11243
11245
11247
11248
11250
11252
11253
11256
11259
11260
11262
11266
11267
11268
11271
11272
11274
11275
11276
11277
11279
11280
11281
11283
11285
11287
11288
11289
11291
11293
11294
11295
11296
11297
11299
11300
11301
11303
11305
11308
11309
11311
11314
11316
11317
11319
11324
11325
11326
11327
11329
11330
11336
11337
11339
11341
11342
11343
11344
11345
11347
11349
11351
11352
11353
11354
11355
11356
11358
11360
11363
11366
11368
11371
11372
11374
11375
11376
11378
11381
11383
11384
11385
11387
11389
11390
11391
11392
11393
11396
11397
11399
11400
11401
11402
11405
11406
11408
11409
11410
11411
11413
11414
11415
11419
11420
11422
11423
11426
11427
11429
11430
11431
11433
11434
11436
11437
11440
11441
11445
11446
11447
11448
11449
11450
11451
11455
11457
11458
11461
11462
11465
11467
11468
11469
11474
11476
11477
11478
11480
11482
11484
11486
11487
11488
11490
11491
11492
11494
11498
11500
11501
11502
11503
11504
11505
11506
11509
11511
11512
11514
11516
11517
11520
11524
11525
11526
11527
11528
11529
11531
11533
11534
11535
11536
11539
11541
11542
11543
11544
11546
11547
11548
11549
11550
11552
11554
11555
11557
11558
11563
11565
11566
11567
11568
11569
11570
11571
11572
11573
11575
11577
11578
11579
11582
11583
11585
11586
11587
11590
11591
11596
11597
11598
11602
11604
11605
11606
11609
11611
11612
11614
11616
11617
11618
11621
11622
11623
11624
11625
11627
11628
11630
11631
11632
11633
11635
11637
11638
11639
11640
11644
11647
11651
11652
11654
11655
11656
11658
11659
11660
11661
11663
11664
11666
11669
11671
11672
11673
11674
11676
11677
11678
11682
11683
11684
11686
11687
11690
11692
11693
11694
11695
11696
11697
11698
11699
11703
11704
11705
11707
11708
11710
11711
11713
11717
11718
11719
11720
11721
11722
11725
11730
11731
11736
11737
11738
11740
11741
11742
11744
11745
11746
11747
11748
11749
11751
11752
11754
11755
11758
11759
11762
11764
11766
11767
11772
11773
11774
11775
11776
11777
11778
11779
11780
11781
11783
11787
11788
11792
11793
11794
11796
11798
11799
11800
11801
11802
11803
11808
11809
11810
11811
11812
11814
11815
11816
11818
11820
11825
11826
11827
11828
11829
11830
11831
11832
11835
11836
11840
11843
11846
11847
11848
11850
11851
11852
11853
11859
11860
11861
11863
11864
11865
11866
11868
11870
11871
11872
11873
11875
11876
11877
11878
11880
11884
11886
11887
11891
11892
11894
11895
11899
11900
11903
11904
11906
11907
11908
11909
11911
11913
11915
11917
11919
11920
11921
11923
11924
11926
11927
11928
11929
11930
11933
11934
11935
11936
11937
11938
11939
11940
11944
11946
11947
11949
11950
11951
11952
11953
11954
11957
11960
11961
11962
11963
11966
11967
11968
11971
11972
11973
11974
11975
11976
11982
11984
11985
11987
11988
11990
11992
11993
11994
11996
11997
11998
11999
12000
12002
12003
12005
12006
12007
12009
12010
12012
12013
12014
12017
12021
12022
12024
12028
12030
12032
12034
12035
12037
12038
12039
12040
12044
12045
12047
12048
12049
12051
12055
12057
12058
12059
12061
12063
12065
12066
12067
12068
12070
12071
12072
12073
12074
12077
12078
12081
12082
12084
12085
12086
12087
12088
12090
12091
12092
12093
12094
12096
12097
12098
12101
12103
12105
12106
12108
12109
12110
12111
12112
12114
12115
12116
12119
12120
12121
12122
12123
12124
12125
12127
12129
12131
12133
12134
12135
12136
12137
12138
12139
12140
12141
12142
12146
12148
12151
12155
12156
12157
12158
12159
12160
12161
12162
12163
12165
12166
12167
12169
12170
12172
12174
12175
12178
12179
12184
12185
12186
12187
12192
12193
12194
12195
12196
12197
12199
12200
12201
12203
12204
12205
12206
12208
12209
12213
12214
12217
12219
12220
12221
12222
12224
12226
12227
12228
12230
12232
12234
12235
12236
12237
12238
12240
12241
12244
12248
12249
12250
12254
12255
12256
12257
12258
12260
12263
12265
12266
12267
12269
12272
12273
12275
12277
12280
12281
12282
12284
12285
12291
12292
12296
12299
12301
12302
12304
12305
12307
12310
12311
12312
12313
12314
12316
12317
12318
12320
12322
12323
12324
12325
12326
12328
12331
12332
12333
12334
12337
12339
12340
12341
12342
12343
12344
12345
12347
12349
12350
12352
12355
12356
12357
12361
12363
12364
12365
12366
12368
12370
12372
12374
12379
12380
12381
12383
12384
12385
12386
12388
12389
12392
12394
12397
12398
12399
12405
12406
12407
12409
12410
12412
12414
12415
12417
12419
12420
12421
12422
12423
12424
12425
12428
12429
12430
12434
12435
12436
12437
12439
12440
12441
12442
12443
12447
12448
12449
12450
12451
12453
12454
12455
12456
12457
12461
12462
12464
12465
12467
12468
12470
12471
12472
12473
12474
12475
12478
12480
12481
12482
12484
12485
12487
12489
12490
12492
12493
12495
12496
12497
12498
12499
12501
12505
12506
12510
12511
12512
12513
12514
12516
12517
12518
12520
12522
12523
12524
12525
12526
12527
12528
12529
12530
12531
12533
12534
12535
12536
12537
12538
12539
12542
12543
12544
12546
12550
12552
12553
12556
12558
12562
12563
12566
12567
12568
12570
12572
12574
12579
12581
12584
12585
12586
12587
12590
12592
12594
12598
12601
12602
12603
12604
12605
12606
12608
12609
12612
12613
12615
12616
12617
12621
12622
12623
12624
12625
12626
12627
12628
12630
12631
12634
12635
12636
12637
12638
12639
12641
12643
12645
12647
12648
12649
12651
12653
12654
12655
12656
12658
12659
12661
12662
12663
12665
12666
12667
12672
12673
12674
12676
12677
12678
12679
12680
12685
12686
12687
12688
12689
12691
12692
12693
12694
12696
12697
12699
12700
12702
12703
12706
12709
12711
12712
12713
12714
12715
12717
12718
12719
12722
12726
12727
12729
12731
12732
12733
12734
12736
12738
12739
12740
12741
12742
12743
12744
12745
12746
12749
12751
12752
12753
12754
12756
12758
12760
12765
12766
12768
12769
12770
12771
12772
12773
12775
12776
12777
12779
12780
12781
12783
12787
12788
12790
12791
12792
12793
12796
12798
12799
12800
12802
12803
12805
12806
12808
12809
12810
12812
12813
12814
12817
12818
12819
12820
12821
12823
12824
12827
12828
12830
12831
12832
12834
12835
12836
12837
12844
12847
12851
12854
12857
12858
12859
12860
12861
12864
12865
12866
12869
12870
12872
12873
12874
12875
12879
12880
12882
12883
12885
12886
12889
12893
12897
12898
12900
12902
12904
12905
12910
12911
12914
12918
12919
12920
12921
12922
12923
12924
12927
12928
12930
12932
12934
12941
12942
12943
12944
12946
12952
12953
12956
12957
12961
12962
12964
12965
12967
12968
12971
12972
12974
12977
12978
12980
12982
12984
12987
12988
12991
12992
12993
12994
12996
12997
12998
12999
13000
13003
13004
13006
13009
13010
13013
13014
13015
13017
13019
13021
13023
13024
13025
13026
13027
13030
13031
13032
13035
13036
13042
13043
13044
13049
13050
13051
13052
13053
13055
13056
13058
13060
13062
13063
13067
13068
13069
13070
13072
13074
13075
13077
13078
13080
13082
13083
13085
13087
13090
13091
13092
13095
13096
13097
13099
13101
13102
13103
13105
13106
13108
13109
13110
13112
13113
13114
13116
13117
13122
13123
13124
13125
13128
13131
13134
13135
13137
13139
13141
13143
13144
13145
13146
13147
13148
13150
13151
13152
13153
13154
13156
13157
13159
13161
13162
13164
13166
13167
13168
13169
13171
13176
13177
13178
13180
13181
13182
13184
13186
13187
13188
13190
13192
13193
13194
13199
13202
13203
13204
13206
13208
13209
13210
13211
13213
13214
13216
13217
13219
13220
13222
13223
13226
13229
13230
13231
13232
13233
13236
13237
13240
13243
13246
13247
13248
13250
13253
13255
13256
13257
13261
13262
13264
13267
13272
13274
13276
13277
13278
13282
13283
13284
13285
13292
13293
13294
13295
13297
13298
13299
13301
13302
13303
13304
13306
13309
13310
13312
13314
13317
13321
13322
13325
13326
13328
13329
13330
13331
13332
13334
13335
13336
13337
13346
13349
13350
13352
13354
13357
13358
13359
13360
13363
13364
13366
13367
13372
13374
13377
13379
13381
13383
13384
13387
13388
13389
13391
13392
13393
13395
13396
13398
13401
13402
13403
13404
13405
13406
13407
13408
13409
13410
13411
13413
13414
13415
13417
13421
13422
13423
13424
13426
13428
13429
13430
13433
13442
13443
13446
13449
13451
13455
13458
13459
13462
13465
13466
13467
13469
13470
13471
13473
13477
13479
13480
13482
13483
13484
13486
13489
13491
13494
13496
13498
13500
13501
13502
13503
13504
13509
13510
13512
13513
13514
13515
13520
13522
13528
13530
13532
13534
13538
13541
13544
13545
13546
13551
13553
13554
13555
13557
13558
13561
13564
13567
13575
13576
13577
13579
13581
13583
13584
13585
13586
13587
13588
13590
13592
13593
13594
13596
13599
13600
13602
13606
13607
13610
13611
13612
13613
13614
13616
13617
13618
13619
13620
13621
13622
13623
13625
13626
13628
13629
13631
13632
13633
13636
13637
13638
13639
13641
13643
13646
13647
13648
13649
13650
13651
13652
13653
13654
13657
13658
13659
13661
13662
13664
13665
13666
13669
13670
13672
13674
13676
13677
13678
13679
13680
13681
13682
13683
13684
13685
13686
13687
13688
13689
13694
13696
13698
13699
13700
13701
13702
13703
13704
13705
13706
13710
13712
13713
13714
13715
13716
13718
13719
13724
13725
13726
13728
13729
13730
13731
13732
13733
13734
13735
13737
13738
13739
13742
13744
13746
13749
13751
13752
13755
13756
13757
13758
13759
13761
13762
13765
13769
13770
13771
13773
13775
13776
13783
13784
13785
13786
13787
13788
13789
13790
13793
13794
13795
13798
13799
13802
13803
13804
13806
13807
13810
13811
13812
13814
13815
13817
13818
13821
13822
13823
13824
13829
13832
13835
13836
13837
13842
13844
13845
13847
13849
13851
13852
13853
13855
13856
13857
13858
13859
13863
13864
13865
13866
13867
13869
13870
13871
13874
13876
13878
13879
13881
13882
13883
13888
13889
13891
13892
13896
13898
13902
13903
13905
13906
13907
13908
13909
13913
13916
13917
13923
13929
13930
13931
13932
13933
13935
13938
13939
13940
13941
13944
13945
13946
13947
13948
13950
13951
13953
13954
13959
13960
13964
13965
13967
13968
13969
13970
13971
13973
13974
13976
13977
13978
13979
13980
13981
13983
13984
13985
13987
13990
13991
13994
13995
13996
13997
13998
14000
14001
14003
14004
14009
14010
14012
14013
14014
14016
14018
14019
14021
14022
14023
14024
14025
14027
14031
14033
14034
14035
14036
14037
14039
14040
14041
14042
14045
14046
14047
14048
14049
14051
14052
14053
14058
14059
14063
14064
14065
14067
14070
14073
14074
14075
14076
14079
14080
14083
14084
14085
14087
14089
14091
14093
14094
14095
14096
14098
14101
14103
14104
14105
14106
14107
14108
14110
14112
14114
14115
14117
14118
14119
14125
14126
14127
14129
14130
14131
14133
14136
14144
14145
14146
14148
14150
14151
14152
14153
14155
14159
14161
14162
14163
14164
14165
14167
14170
14171
14172
14173
14174
14176
14177
14179
14180
14181
14182
14183
14184
14186
14187
14188
14189
14195
14198
14201
14203
14204
14205
14206
14209
14212
14218
14220
14222
14223
14224
14225
14226
14227
14228
14229
14231
14234
14235
14236
14238
14239
14240
14241
14243
14244
14245
14246
14247
14248
14249
14252
14253
14254
14255
14258
14260
14261
14262
14263
14266
14270
14272
14273
14274
14275
14279
14283
14284
14285
14290
14292
14293
14294
14295
14299
14302
14303
14304
14307
14310
14311
14312
14314
14315
14317
14319
14320
14322
14323
14325
14326
14328
14330
14331
14332
14333
14335
14337
14341
14344
14345
14346
14347
14348
14349
14350
14351
14352
14353
14357
14358
14360
14361
14363
14364
14366
14368
14371
14372
14373
14374
14375
14376
14380
14383
14386
14387
14388
14391
14392
14393
14394
14396
14398
14399
14402
14403
14405
14407
14410
14411
14414
14416
14417
14418
14420
14421
14423
14425
14427
14428
14430
14437
14438
14439
14440
14441
14442
14443
14448
14449
14452
14455
14457
14458
14459
14460
14462
14463
14464
14465
14467
14468
14471
14472
14477
14478
14480
14481
14482
14483
14486
14488
14489
14490
14491
14492
14493
14494
14495
14496
14497
14500
14502
14503
14504
14507
14508
14510
14512
14513
14515
14516
14517
14520
14521
14523
14526
14527
14528
14529
14532
14535
14536
14538
14539
14540
14541
14545
14547
14549
14550
14551
14552
14553
14554
14555
14556
14557
14558
14561
14562
14563
14564
14566
14567
14568
14571
14572
14573
14574
14577
14580
14582
14583
14584
14586
14587
14588
14589
14590
14591
14592
14593
14594
14595
14596
14597
14598
14599
14600
14603
14604
14605
14606
14607
14608
14609
14610
14612
14613
14615
14616
14619
14620
14621
14622
14623
14624
14625
14626
14627
14628
14629
14630
14632
14633
14635
14636
14638
14641
14642
14644
14650
14651
14653
14655
14658
14659
14661
14663
14669
14670
14671
14672
14675
14676
14677
14678
14679
14680
14681
14682
14683
14684
14685
14686
14687
14688
14690
14691
14692
14693
14694
14695
14698
14699
14701
14702
14703
14704
14705
14706
14707
14708
14710
14711
14712
14713
14714
14716
14717
14718
14719
14720
14721
14722
14723
14724
14725
14726
14727
14728
14729
14730
14731
14732
14733
14734
14735
14736
14737
14738
14741
14742
14744
14745
14746
14747
14748
14750
14751
14752
14753
14754
14755
14756
14757
14758
14759
14760
14761
14762
14764
14765
14766
14768
14770
14771
14772
14774
14775
14777
14778
14780
14781
14782
14783
14785
14786
14787
14788
14789
14790
14791
14792
14794
14795
14796
14797
14798
14800
14801
14802
14803
14804
14805
14806
14807
14808
14809
14810
14811
14812
14813
14814
14817
14820
14821
14822
14823
14824
14825
14826
14828
14829
14830
14831
14832
14833
14834
14835
14836
14837
14838
14839
14841
14842
14843
14845
14846
14847
14849
14851
14852
14854
14855
14857
14858
14860
14861
14862
14863
14864
14865
14866
14867
14868
14869
14870
14871
14872
14874
14875
14876
14877
14878
14879
14881
14883
14884
14887
14892
14893
14894
14895
14896
14898
14899
14900
14901
14902
14903
14904
14905
14906
14907
14908
14909
14910
14911
14912
14914
14915
14916
14917
14919
14920
14921
14922
14924
14925
14927
14928
14929
14930
14931
14932
14933
14934
14936
14938
14939
14940
14941
14942
14943
14944
14945
14946
14947
14949
14950
14951
14952
14953
14954
14955
14956
14957
14958
14959
14960
14962
14964
14966
14968
14969
14970
14971
14972
14973
14974
14975
14976
14977
14979
14981
14982
14983
14984
14985
14986
14988
14989
14990
14993
14996
14997
14998
14999
15000
15001
15002
15003
15004
15005
15006
15008
15009
15012
15013
15014
15015
15016
15017
15018
15019
15020
15021
15022
15025
15027
15028
15029
15031
15032
15034
15035
15037
15038
15039
15040
15041
15042
15043
15044
15045
15046
15048
15049
15050
15051
15052
15054
15057
15058
15059
15060
15061
15062
15063
15064
15065
15066
15068
15069
15070
15072
15074
15075
15079
15081
15082
15084
15085
15087
15088
15089
15091
15092
15093
15096
15097
15098
15099
15100
15101
15102
15103
15104
15105
15107
15108
15109
15110
15111
15112
15113
15114
15117
15118
15119
15120
15122
15123
15124
15125
15127
15128
15129
15131
15132
15133
15134
15137
15138
15139
15142
15143
15144
15145
15146
15147
15148
15149
15150
15151
15152
15156
15157
15158
15159
15161
15162
15163
15165
15168
15169
15170
15172
15174
15175
15176
15177
15179
15180
15181
15182
15183
15184
15185
15186
15187
15189
15190
15191
15192
15193
15195
15197
15199
15200
15201
15202
15203
15204
15205
15206
15207
15208
15209
15210
15211
15212
15213
15215
15216
15217
15218
15219
15220
15221
15222
15223
15224
15225
15226
15228
15229
15230
15231
15232
15233
15236
15237
15238
15239
15240
15241
15242
15243
15245
15246
15248
15249
15250
15252
15254
15255
15257
15258
15260
15261
15265
15267
15268
15269
15270
15271
15272
15273
15274
15276
15279
15282
15283
15284
15285
15286
15287
15289
15290
15291
15292
15294
15295
15296
15297
15298
15299
15301
15302
15303
15304
15305
15306
15307
15308
15310
15312
15313
15314
15316
15317
15318
15320
15321
15322
15324
15325
15326
15327
15328
15329
15330
15331
15332
15334
15335
15337
15338
15339
15340
15341
15344
15345
15346
15348
15349
15350
15351
15352
15353
15355
15356
15361
15362
15363
15364
15365
15366
15367
15368
15369
15370
15371
15373
15374
15375
15376
15377
15378
15379
15380
15381
15382
15383
15385
15386
15387
15388
15389
15390
15392
15395
15396
15397
15398
15399
15400
15401
15402
15404
15407
15408
15409
15411
15412
15413
15414
15415
15416
15418
15419
15421
15422
15423
15424
15425
15426
15427
15428
15429
15430
15431
15432
15434
15435
15436
15437
15438
15439
15441
15442
15444
15446
15447
15449
15450
15451
15452
15453
15454
15456
15460
15462
15463
15464
15466
15467
15468
15469
15470
15472
15473
15474
15475
15476
15477
15481
15482
15483
15484
15485
15486
15488
15489
15491
15494
15495
15496
15497
15498
15500
15502
15503
15504
15505
15508
15510
15511
15512
15513
15514
15515
15516
15517
15518
15519
15520
15522
15523
15525
15526
15527
15529
15530
15531
15532
15534
15535
15536
15537
15539
15540
15541
15542
15543
15544
15545
15547
15548
15549
15550
15551
15552
15553
15554
15555
15556
15557
15558
15559
15560
15562
15564
15565
15566
15567
15568
15569
15570
15571
15572
15573
15574
15575
15576
15577
15578
15580
15581
15582
15583
15585
15586
15588
15589
15591
15592
15593
15594
15595
15596
15597
15598
15599
15602
15603
15604
15607
15608
15609
15610
15611
15612
15613
15614
15615
15616
15618
15619
15621
15622
15623
15625
15626
15627
15628
15631
15632
15633
15634
15635
15636
15637
15638
15639
15641
15642
15643
15644
15645
15646
15647
15648
15649
15650
15651
15652
15653
15656
15657
15658
15659
15660
15661
15663
15664
15665
15666
15667
15668
15669
15673
15677
15678
15679
15680
15681
15683
15684
15685
15686
15687
15688
15689
15691
15692
15693
15694
15695
15696
15697
15698
15700
15701
15702
15703
15704
15705
15707
15708
15709
15710
15711
15712
15713
15714
15716
15717
15718
15720
15724
15726
15727
15728
15729
15730
15731
15732
15733
15734
15735
15737
15738
15739
15740
15741
15742
15743
15744
15745
15746
15747
15748
15749
15750
15751
15753
15754
15755
15757
15758
15759
15761
15762
15763
15765
15766
15767
15768
15770
15772
15774
15775
15776
15777
15779
15780
15782
15783
15784
15785
15786
15788
15789
15791
15792
15793
15794
15796
15798
15799
15802
15803
15805
15806
15807
15808
15809
15810
15811
15812
15813
15815
15816
15818
15819
15820
15821
15822
15823
15825
15826
15827
15828
15830
15831
15832
15833
15834
15835
15836
15837
15838
15839
15840
15842
15843
15844
15845
15846
15847
15848
15849
15850
15851
15852
15853
15854
15857
15858
15859
15860
15861
15862
15863
15864
15865
15866
15867
15870
15872
15874
15877
15878
15880
15884
15885
15886
15889
15892
15893
15894
15895
15897
15898
15899
15901
15902
15903
15904
15905
15906
15907
15908
15910
15911
15912
15913
15914
15916
15917
15918
15920
15921
15922
15924
15925
15926
15927
15928
15929
15931
15932
15933
15934
15935
15936
15937
15938
15940
15941
15942
15943
15946
15947
15948
15951
15952
15953
15954
15955
15956
15957
15958
15959
15960
15961
15962
15963
15964
15965
15966
15967
15970
15971
15972
15973
15975
15976
15977
15979
15980
15981
15982
15983
15985
15988
15989
15990
15991
15992
15993
15994
15995
15996
15997
15998
15999
16002
16003
16005
16006
16008
16009
16010
16011
16012
16013
16014
16015
16016
16017
16018
16019
16020
16021
16022
16023
16024
16025
16027
16028
16030
16031
16032
16033
16036
16037
16038
16039
16043
16044
16045
16046
16048
16049
16050
16051
16053
16054
16055
16058
16059
16060
16061
16062
16063
16064
16066
16068
16069
16071
16074
16075
16076
16077
16078
16079
16080
16081
16082
16083
16085
16087
16088
16089
16090
16091
16092
16093
16094
16096
16097
16098
16099
16100
16101
16102
16104
16105
16106
16107
16108
16109
16110
16111
16112
16113
16115
16116
16117
16118
16120
16121
16122
16123
16124
16125
16126
16127
16129
16130
16132
16133
16135
16136
16137
16139
16140
16141
16143
16144
16145
16146
16147
16148
16149
16151
16152
16153
16154
16156
16157
16158
16159
16160
16161
16162
16163
16164
16165
16166
16168
16169
16170
16171
16172
16173
16175
16176
16177
16178
16179
16180
16181
16182
16183
16184
16185
16187
16188
16189
16190
16191
16192
16193
16195
16196
16197
16198
16199
16200
16202
16204
16206
16207
16208
16209
16210
16211
16213
16214
16215
16217
16219
16220
16221
16222
16223
16224
16226
16227
16228
16229
16231
16232
16233
16234
16235
16240
16241
16242
16243
16244
16245
16247
16248
16249
16250
16251
16252
16253
16254
16255
16256
16257
16258
16259
16263
16264
16266
16267
16268
16269
16270
16271
16272
16273
16274
16275
16276
16277
16278
16279
16280
16281
16282
16283
16285
16286
16287
16288
16289
16290
16291
16292
16293
16294
16295
16296
16298
16299
16300
16301
16302
16303
16305
16306
16307
16310
16311
16313
16314
16315
16318
16319
16321
16322
16323
16324
16325
16327
16329
16330
16331
16332
16333
16334
16336
16337
16338
16339
16340
16341
16342
16343
16344
16345
16346
16347
16348
16351
16352
16354
16355
16357
16358
16359
16360
16362
16363
16364
16365
16366
16368
16370
16371
16373
16375
16376
16377
16378
16379
16380
16381
16382
16383
16385
16386
16387
16389
16390
16391
16392
16393
16394
16395
16399
16400
16401
16402
16404
16405
16406
16407
16408
16410
16411
16412
16414
16415
16416
16417
16418
16419
16420
16421
16422
16424
16426
16427
16428
16429
16430
16431
16432
16433
16434
16435
16436
16437
16439
16440
16441
16442
16443
16447
16448
16449
16450
16451
16453
16454
16456
16457
16459
16460
16462
16463
16465
16466
16467
16470
16471
16472
16473
16474
16475
16476
16478
16479
16480
16481
16483
16484
16485
16486
16487
16488
16489
16491
16492
16493
16494
16495
16496
16497
16498
16499
16501
16502
16503
16504
16505
16506
16507
16508
16509
16510
16511
16512
16513
16514
16515
16519
16521
16522
16523
16525
16526
16527
16529
16530
16531
16532
16533
16534
16535
16536
16537
16538
16539
16541
16542
16543
16544
16545
16546
16547
16548
16549
16550
16551
16552
16553
16554
16555
16556
16557
16558
16559
16561
16562
16564
16565
16566
16567
16568
16569
16570
16571
16572
16573
16577
16579
16580
16582
16583
16585
16586
16587
16588
16589
16590
16592
16593
16594
16595
16596
16597
16599
16600
16601
16602
16603
16605
16606
16607
16608
16609
16610
16611
16612
16613
16614
16615
16616
16617
16618
16619
16620
16622
16623
16624
16625
16626
16627
16629
16630
16631
16633
16634
16635
16636
16637
16638
16641
16642
16643
16644
16646
16647
16648
16650
16651
16652
16653
16654
16655
16656
16657
16658
16660
16661
16663
16664
16665
16666
16668
16669
16670
16671
16672
16673
16676
16677
16678
16679
16681
16682
16683
16684
16685
16686
16688
16689
16690
16691
16692
16693
16695
16696
16697
16698
16699
16700
16701
16702
16703
16704
16705
16706
16707
16708
16709
16710
16711
16712
16713
16714
16715
16717
16718
16719
16720
16721
16722
16723
16724
16725
16726
16727
16728
16729
16731
16732
16733
16735
16736
16737
16738
16739
16740
16741
16742
16743
16744
16745
16746
16748
16749
16750
16752
16756
16757
16761
16762
16763
16764
16765
16766
16767
16769
16770
16771
16772
16773
16774
16775
16776
16777
16778
16779
16780
16781
16782
16783
16784
16785
16786
16787
16788
16789
16790
16791
16793
16794
16795
16796
16797
16798
16801
16802
16804
16806
16807
16808
16809
16810
16811
16812
16813
16814
16815
16817
16819
16820
16821
16822
16823
16824
16826
16827
16829
16830
16832
16834
16836
16837
16838
16839
16840
16841
16842
16843
16844
16845
16846
16847
16848
16849
16852
16853
16854
16855
16856
16857
16858
16859
16860
16861
16862
16863
16864
16865
16866
16867
16868
16869
16870
16871
16872
16873
16874
16875
16876
16877
16878
16879
16880
16881
16883
16884
16885
16886
16887
16888
16889
16890
16891
16892
16894
16895
16897
16898
16899
16900
16901
16902
16903
16905
16907
16908
16909
16910
16911
16913
16914
16915
16916
16917
16918
16919
16920
16922
16924
16926
16927
16928
16929
16932
16933
16934
16935
16936
16937
16938
16939
16941
16942
16943
16945
16947
16948
16949
16950
16951
16952
16954
16955
16956
16957
16958
16959
16960
16961
16962
16963
16964
16965
16966
16967
16968
16969
16970
16971
16972
16973
16974
16975
16976
16977
16978
16979
16982
16983
16984
16985
16987
16988
16990
16991
16992
16994
16995
16996
16998
16999
17000
17001
17003
17004
17005
17007
17008
17009
17010
17011
17012
17013
17014
17015
17017
17018
17019
17020
17021
17023
17024
17025
17027
17028
17029
17030
17031
17033
17034
17035
17036
17037
17038
17039
17040
17042
17043
17044
17045
17046
17047
17048
17049
17051
17052
17053
17055
17056
17057
17059
17060
17062
17063
17064
17067
17068
17069
17070
17072
17073
17074
17075
17076
17077
17078
17079
17081
17082
17083
17084
17085
17087
17088
17089
17091
17092
17093
17094
17097
17098
17099
17101
17102
17103
17104
17106
17107
17108
17109
17110
17111
17113
17115
17116
17117
17119
17120
17122
17123
17124
17125
17126
17128
17129
17130
17131
17132
17134
17136
17137
17138
17139
17140
17141
17143
17145
17147
17149
17150
17151
17152
17153
17154
17155
17156
17158
17160
17161
17162
17163
17165
17166
17168
17169
17170
17172
17173
17174
17176
17177
17178
17179
17180
17181
17182
17183
17184
17185
17186
17188
17190
17191
17192
17193
17194
17195
17196
17197
17198
17199
17200
17201
17202
17203
17204
17205
17206
17207
17208
17209
17210
17211
17212
17213
17216
17217
17218
17220
17221
17222
17223
17225
17226
17228
17229
17230
17231
17233
17234
17235
17236
17237
17238
17239
17242
17243
17244
17245
17247
17248
17249
17250
17251
17252
17254
17255
17256
17257
17260
17261
17262
17263
17264
17265
17268
17269
17271
17272
17273
17275
17276
17277
17278
17279
17280
17282
17283
17284
17285
17286
17287
17288
17290
17291
17292
17293
17294
17295
17297
17298
17299
17300
17301
17302
17303
17306
17307
17308
17309
17310
17311
17313
17314
17315
17316
17317
17318
17319
17321
17322
17323
17325
17326
17327
17330
17331
17332
17333
17334
17335
17336
17337
17338
17339
17340
17341
17343
17344
17347
17349
17350
17351
17352
17354
17355
17357
17358
17359
17360
17361
17363
17364
17365
17366
17367
17369
17370
17372
17373
17374
17375
17377
17378
17379
17380
17381
17382
17384
17386
17387
17388
17389
17390
17391
17393
17394
17395
17396
17397
17398
17399
17400
17401
17402
17403
17404
17407
17409
17410
17411
17412
17413
17414
17415
17416
17417
17418
17420
17421
17422
17423
17424
17425
17426
17427
17428
17429
17430
17432
17433
17434
17435
17436
17437
17438
17439
17440
17441
17442
17443
17445
17448
17449
17450
17451
17453
17454
17455
17456
17457
17458
17459
17460
17461
17462
17464
17465
17466
17467
17468
17469
17470
17471
17473
17474
17477
17479
17480
17482
17483
17484
17485
17486
17489
17490
17491
17492
17493
17494
17495
17498
17499
17500
17503
17504
17505
17506
17507
17508
17509
17510
17511
17512
17513
17514
17517
17518
17519
17520
17521
17522
17523
17524
17525
17527
17529
17530
17531
17532
17533
17534
17535
17536
17537
17538
17539
17540
17542
17543
17544
17545
17546
17547
17549
17550
17551
17552
17553
17554
17555
17556
17557
17558
17560
17561
17564
17565
17566
17569
17570
17571
17572
17573
17574
17575
17577
17578
17579
17580
17581
17583
17585
17586
17589
17590
17591
17592
17593
17596
17597
17598
17599
17601
17602
17603
17604
17606
17607
17610
17611
17612
17614
17615
17617
17618
17619
17620
17621
17622
17624
17625
17627
17628
17632
17633
17634
17635
17636
17638
17639
17640
17641
17642
17643
17644
17645
17646
17647
17648
17649
17650
17651
17652
17653
17654
17655
17656
17657
17658
17659
17660
17661
17662
17664
17665
17667
17668
17669
17670
17671
17672
17673
17674
17675
17676
17677
17679
17682
17683
17685
17688
17690
17691
17692
17693
17694
17695
17696
17699
17700
17701
17702
17703
17704
17705
17706
17707
17708
17709
17710
17712
17713
17715
17719
17720
17721
17722
17723
17724
17725
17728
17729
17730
17731
17732
17733
17734
17735
17736
17737
17739
17741
17743
17744
17746
17747
17748
17750
17751
17752
17753
17754
17755
17757
17758
17759
17760
17762
17763
17764
17765
17766
17767
17768
17770
17773
17774
17775
17776
17777
17778
17779
17780
17782
17783
17785
17786
17787
17788
17789
17790
17791
17792
17793
17794
17795
17796
17797
17798
17799
17800
17801
17802
17804
17805
17807
17808
17809
17811
17813
17814
17817
17818
17819
17820
17822
17823
17826
17828
17829
17830
17831
17832
17833
17835
17836
17837
17838
17839
17840
17841
17842
17843
17844
17846
17850
17851
17852
17853
17854
17855
17856
17857
17858
17859
17860
17861
17864
17866
17867
17869
17872
17873
17874
17875
17876
17877
17878
17879
17880
17882
17883
17884
17885
17886
17887
17888
17889
17890
17891
17892
17893
17894
17895
17896
17897
17898
17899
17900
17902
17903
17904
17905
17906
17908
17909
17910
17913
17915
17916
17917
17918
17919
17922
17923
17924
17926
17929
17932
17933
17934
17935
17938
17939
17940
17941
17942
17943
17944
17946
17947
17948
17951
17952
17953
17954
17955
17956
17957
17958
17959
17962
17963
17964
17965
17967
17968
17969
17970
17971
17972
17975
17976
17977
17978
17979
17980
17981
17982
17983
17985
17986
17989
17990
17991
17992
17993
17994
17995
17996
17997
17998
17999
18000
18001
18002
18004
18005
18006
18010
18012
18014
18015
18016
18017
18020
18021
18022
18023
18024
18027
18028
18029
18030
18031
18032
18033
18034
18035
18036
18037
18038
18039
18040
18042
18043
18045
18046
18047
18049
18050
18051
18052
18053
18054
18055
18056
18057
18058
18060
18061
18062
18064
18065
18066
18067
18068
18070
18071
18072
18073
18074
18075
18076
18078
18080
18081
18083
18084
18085
18086
18088
18090
18091
18092
18093
18095
18096
18098
18099
18100
18101
18102
18103
18104
18105
18106
18107
18108
18109
18110
18111
18112
18113
18115
18116
18117
18118
18119
18120
18121
18123
18124
18125
18126
18127
18128
18129
18130
18131
18132
18134
18135
18136
18137
18138
18139
18140
18143
18144
18145
18147
18148
18150
18153
18154
18155
18156
18158
18159
18160
18161
18162
18163
18164
18165
18168
18169
18171
18172
18173
18174
18176
18179
18181
18182
18183
18185
18186
18187
18188
18189
18191
18192
18193
18194
18195
18196
18197
18198
18199
18200
18201
18203
18204
18205
18206
18207
18209
18210
18211
18212
18214
18215
18217
18218
18219
18220
18221
18223
18224
18225
18227
18228
18230
18231
18232
18233
18235
18237
18238
18240
18241
18242
18243
18244
18246
18247
18248
18250
18252
18253
18254
18255
18257
18258
18259
18260
18261
18262
18265
18266
18267
18268
18269
18271
18272
18273
18274
18275
18276
18277
18278
18279
18281
18282
18283
18285
18286
18287
18288
18289
18291
18294
18295
18296
18297
18298
18299
18300
18301
18303
18304
18305
18307
18308
18309
18310
18311
18313
18314
18317
18318
18320
18321
18322
18323
18325
18327
18328
18329
18330
18332
