0
1
2
3
6
8
9
12
15
16
21
24
27
28
30
32
35
37
39
41
42
43
44
47
48
49
50
52
53
57
58
61
63
64
65
66
67
69
71
72
73
75
76
77
79
80
81
88
89
90
93
96
98
99
100
102
103
104
105
106
110
111
112
116
117
119
121
122
123
125
126
127
128
129
130
131
132
134
135
136
138
140
143
144
146
150
151
153
154
156
157
159
161
162
163
166
167
168
170
171
175
177
178
179
180
181
184
188
189
190
193
194
195
197
199
203
204
205
207
210
211
213
216
217
219
222
223
224
225
226
228
229
231
232
236
237
240
241
243
244
245
248
250
252
253
254
255
256
257
259
261
262
263
264
265
266
267
268
270
271
272
273
275
277
278
279
283
284
289
290
291
292
294
295
297
299
300
302
303
305
306
307
309
310
312
315
318
319
320
322
323
327
329
330
331
332
333
335
337
338
339
342
343
345
346
347
348
349
350
352
353
354
359
360
367
369
370
372
374
382
383
389
393
394
396
398
399
400
401
402
404
406
407
409
410
411
415
416
420
422
426
428
433
437
438
439
441
442
443
445
446
450
452
453
456
459
460
461
462
463
465
467
469
471
472
473
474
475
477
478
479
481
482
483
484
487
488
489
490
492
493
494
496
497
499
500
501
506
507
508
509
510
514
515
519
520
522
523
524
527
530
531
532
533
535
539
542
544
545
546
547
548
550
551
552
554
555
557
558
559
560
561
564
565
567
568
569
572
574
575
576
577
579
580
582
583
584
585
587
588
589
590
592
593
594
596
598
600
601
602
603
605
609
611
612
613
615
616
618
619
621
622
626
632
633
634
638
640
641
642
643
644
645
646
647
648
650
651
653
654
655
656
657
658
659
662
664
665
667
668
669
671
672
673
674
676
678
679
680
681
682
683
685
686
692
693
694
695
696
697
698
704
706
708
710
711
712
713
714
716
717
719
720
721
723
724
725
726
728
729
730
732
733
735
737
738
739
740
742
743
746
747
748
750
751
752
753
754
755
756
757
758
762
763
766
767
768
769
770
771
772
775
776
777
779
784
786
787
793
797
798
799
800
801
802
803
805
806
807
809
810
811
812
813
814
815
817
818
819
820
823
824
825
826
827
828
829
830
831
832
834
836
837
838
839
841
843
847
849
850
851
853
854
858
862
864
866
868
872
873
878
879
880
883
885
886
887
890
891
893
894
896
897
898
901
902
904
905
907
908
909
912
913
914
919
920
922
924
926
927
929
930
931
932
933
934
936
940
941
943
944
945
947
948
949
952
955
956
957
958
959
962
966
969
970
975
977
978
979
980
983
984
985
986
987
988
989
991
993
997
998
999
1003
1005
1007
1009
1010
1013
1014
1018
1023
1024
1027
1028
1029
1032
1033
1034
1035
1038
1041
1044
1046
1047
1048
1049
1050
1051
1054
1056
1057
1060
1061
1062
1064
1067
1069
1070
1071
1073
1074
1076
1078
1079
1081
1083
1084
1085
1086
1088
1089
1090
1091
1092
1100
1101
1102
1103
1104
1105
1106
1107
1109
1110
1111
1113
1116
1118
1120
1121
1123
1126
1128
1129
1131
1132
1133
1134
1136
1137
1138
1140
1141
1144
1145
1148
1150
1155
1156
1157
1158
1159
1160
1162
1163
1165
1169
1171
1172
1173
1174
1179
1181
1183
1184
1185
1186
1188
1194
1196
1197
1199
1201
1205
1206
1207
1208
1211
1212
1216
1218
1219
1222
1224
1225
1226
1228
1234
1237
1240
1241
1243
1244
1246
1247
1248
1249
1250
1251
1252
1253
1254
1255
1257
1258
1259
1263
1264
1267
1268
1269
1271
1272
1275
1278
1279
1280
1283
1284
1289
1291
1293
1294
1295
1298
1302
1304
1305
1306
1307
1312
1313
1317
1318
1320
1322
1323
1324
1325
1328
1329
1330
1334
1337
1338
1341
1343
1344
1345
1346
1348
1349
1351
1353
1354
1356
1357
1359
1360
1362
1363
1364
1365
1367
1369
1372
1374
1376
1377
1378
1379
1380
1382
1384
1385
1387
1388
1389
1392
1394
1395
1396
1397
1398
1401
1402
1405
1407
1408
1410
1411
1412
1413
1414
1416
1417
1418
1419
1420
1421
1422
1423
1424
1425
1427
1429
1430
1431
1433
1434
1435
1437
1439
1440
1441
1442
1445
1446
1447
1448
1451
1452
1453
1454
1455
1457
1460
1461
1463
1465
1466
1468
1469
1470
1471
1473
1475
1476
1477
1478
1479
1480
1481
1482
1486
1487
1488
1491
1492
1493
1495
1497
1498
1499
1500
1501
1502
1503
1504
1505
1507
1508
1510
1511
1513
1516
1517
1518
1519
1520
1522
1526
1528
1529
1530
1531
1532
1533
1538
1541
1542
1545
1546
1547
1548
1550
1551
1552
1553
1555
1556
1557
1559
1560
1561
1562
1563
1564
1565
1566
1569
1571
1573
1574
1575
1576
1578
1581
1582
1583
1586
1588
1590
1591
1592
1593
1596
1599
1600
1603
1609
1611
1612
1613
1614
1615
1616
1618
1622
1623
1625
1626
1627
1630
1631
1632
1633
1639
1643
1646
1648
1649
1650
1652
1653
1655
1657
1658
1659
1660
1662
1663
1664
1665
1666
1667
1673
1674
1675
1678
1679
1681
1682
1683
1684
1685
1687
1691
1692
1693
1694
1695
1698
1699
1700
1703
1704
1706
1709
1710
1712
1714
1715
1716
1718
1720
1722
1724
1727
1728
1731
1732
1733
1734
1735
1738
1739
1740
1741
1742
1743
1744
1747
1748
1749
1750
1752
1753
1754
1755
1756
1757
1758
1761
1763
1765
1766
1767
1768
1769
1773
1778
1779
1780
1781
1785
1788
1789
1790
1791
1792
1793
1794
1795
1796
1797
1799
1802
1803
1804
1806
1807
1811
1812
1813
1816
1817
1819
1820
1821
1823
1824
1825
1829
1831
1832
1833
1834
1835
1839
1840
1842
1843
1844
1845
1847
1848
1849
1850
1852
1855
1856
1859
1861
1862
1864
1865
1866
1868
1870
1871
1872
1875
1878
1882
1883
1884
1885
1889
1890
1891
1892
1893
1894
1895
1896
1897
1898
1900
1902
1904
1906
1907
1908
1910
1911
1912
1913
1914
1916
1917
1918
1919
1920
1922
1924
1926
1927
1929
1930
1933
1934
1935
1936
1939
1940
1941
1942
1944
1945
1946
1947
1948
1949
1950
1952
1954
1955
1957
1959
1960
1962
1963
1964
1968
1969
1970
1973
1974
1976
1977
1978
1979
1980
1982
1985
1986
1987
1988
1989
1991
1993
1994
1995
1996
1997
1999
2001
2003
2004
2006
2007
2010
2012
2013
2014
2016
2017
2022
2023
2024
2025
2026
2027
2028
2034
2035
2036
2038
2039
2041
2044
2045
2047
2048
2051
2052
2053
2056
2062
2064
2066
2067
2068
2069
2073
2074
2077
2079
2080
2081
2084
2085
2087
2090
2091
2092
2093
2094
2095
2097
2098
2100
2101
2102
2103
2104
2105
2107
2108
2109
2110
2111
2113
2114
2115
2117
2119
2120
2127
2128
2129
2130
2131
2133
2135
2136
2137
2142
2143
2144
2145
2146
2147
2149
2150
2151
2153
2156
2157
2158
2159
2160
2163
2166
2168
2169
2170
2171
2172
2173
2176
2178
2181
2183
2184
2185
2186
2188
2189
2190
2191
2192
2193
2195
2197
2201
2202
2203
2205
2206
2207
2208
2209
2210
2211
2212
2216
2218
2220
2223
2228
2229
2230
2231
2232
2233
2234
2235
2238
2239
2240
2241
2242
2244
2245
2246
2248
2249
2250
2251
2252
2253
2254
2259
2260
2262
2264
2269
2270
2271
2275
2278
2279
2282
2283
2285
2287
2288
2289
2290
2291
2295
2296
2299
2300
2302
2303
2306
2309
2311
2312
2313
2314
2316
2317
2321
2322
2323
2324
2325
2326
2328
2329
2330
2331
2333
2334
2335
2337
2340
2345
2346
2348
2350
2352
2353
2354
2356
2357
2358
2359
2360
2362
2363
2365
2367
2369
2371
2372
2374
2376
2377
2378
2379
2380
2381
2382
2384
2385
2388
2389
2391
2393
2394
2395
2396
2397
2398
2399
2400
2401
2402
2404
2405
2407
2408
2410
2411
2412
2413
2415
2416
2418
2419
2420
2421
2422
2423
2424
2428
2430
2431
2433
2435
2436
2437
2438
2441
2442
2443
2445
2446
2447
2450
2451
2453
2454
2456
2457
2458
2459
2460
2461
2462
2463
2470
2472
2474
2475
2476
2477
2478
2480
2482
2483
2485
2486
2487
2490
2491
2493
2495
2496
2497
2499
2500
2502
2503
2505
2506
2507
2508
2514
2516
2518
2520
2523
2527
2531
2535
2536
2543
2544
2546
2547
2548
2549
2551
2552
2553
2554
2556
2557
2558
2559
2560
2563
2564
2565
2566
2567
2568
2569
2570
2571
2572
2573
2574
2575
2576
2577
2579
2580
2581
2583
2585
2587
2589
2590
2594
2595
2596
2598
2599
2603
2604
2605
2607
2609
2610
2611
2618
2620
2621
2623
2624
2625
2626
2629
2630
2631
2632
2633
2634
2636
2638
2640
2642
2643
2644
2647
2649
2653
2657
2658
2660
2661
2665
2668
2670
2671
2672
2673
2674
2675
2677
2680
2682
2683
2685
2686
2687
2690
2693
2694
2697
2698
2700
2701
2704
2705
2710
2711
2714
2715
2717
2719
2726
2727
2728
2730
2731
2732
2733
2734
2736
2737
2738
2741
2743
2744
2746
2749
2750
2751
2753
2756
2757
2758
2760
2761
2762
2764
2765
2767
2773
2775
2777
2782
2783
2784
2786
2788
2790
2792
2794
2795
2796
2799
2800
2801
2802
2803
2807
2809
2810
2813
2814
2815
2816
2820
2821
2822
2824
2825
2827
2832
2833
2835
2838
2839
2840
2841
2843
2845
2846
2852
2853
2854
2856
2857
2859
2862
2863
2864
2865
2869
2872
2873
2875
2876
2877
2879
2884
2885
2886
2888
2889
2891
2896
2898
2903
2907
2908
2910
2912
2913
2914
2916
2918
2920
2921
2922
2923
2925
2929
2930
2931
2935
2936
2937
2938
2939
2942
2943
2944
2945
2946
2951
2954
2957
2958
2961
2963
2964
2965
2966
2968
2970
2972
2973
2974
2975
2976
2978
2980
2981
2983
2985
2986
2987
2988
2989
2995
2997
2999
3001
3002
3004
3005
3006
3007
3008
3009
3011
3012
3013
3016
3020
3023
3024
3026
3027
3028
3029
3031
3035
3038
3039
3041
3042
3043
3044
3045
3047
3048
3049
3051
3052
3054
3055
3056
3057
3058
3064
3066
3067
3068
3071
3072
3073
3075
3076
3078
3081
3082
3084
3086
3091
3092
3093
3094
3095
3096
3099
3101
3102
3104
3106
3107
3108
3109
3110
3112
3114
3115
3116
3119
3120
3121
3122
3126
3128
3129
3130
3132
3134
3136
3137
3138
3139
3140
3141
3144
3145
3146
3148
3152
3155
3156
3158
3159
3160
3161
3162
3163
3165
3166
3168
3173
3174
3175
3176
3177
3178
3179
3180
3181
3182
3183
3185
3187
3190
3192
3193
3194
3195
3196
3198
3201
3203
3207
3209
3211
3212
3213
3214
3216
3217
3218
3223
3224
3232
3236
3237
3239
3240
3242
3245
3246
3248
3249
3254
3255
3256
3257
3258
3259
3262
3264
3265
3266
3267
3270
3273
3274
3275
3277
3278
3281
3282
3283
3284
3286
3287
3288
3289
3290
3291
3294
3296
3297
3299
3301
3303
3304
3305
3306
3308
3310
3313
3314
3316
3317
3318
3319
3321
3322
3323
3325
3326
3327
3329
3330
3335
3336
3340
3341
3342
3343
3344
3345
3346
3347
3349
3350
3354
3355
3357
3358
3361
3363
3364
3365
3366
3367
3368
3369
3370
3371
3372
3374
3377
3378
3381
3382
3383
3385
3386
3387
3388
3392
3394
3396
3397
3398
3399
3401
3402
3403
3404
3406
3408
3409
3411
3412
3413
3415
3416
3417
3418
3419
3421
3423
3425
3426
3427
3428
3429
3431
3432
3434
3436
3438
3439
3440
3442
3443
3444
3450
3452
3453
3456
3457
3460
3461
3462
3464
3467
3469
3471
3472
3473
3475
3477
3478
3480
3484
3485
3486
3487
3488
3490
3492
3493
3495
3497
3501
3504
3505
3507
3509
3513
3514
3515
3517
3518
3519
3520
3523
3524
3525
3526
3528
3534
3537
3538
3539
3540
3542
3545
3546
3547
3550
3555
3556
3557
3558
3559
3560
3562
3565
3566
3569
3570
3571
3572
3575
3577
3578
3579
3581
3582
3583
3586
3590
3591
3595
3596
3597
3598
3600
3603
3605
3606
3607
3608
3611
3612
3613
3615
3617
3619
3620
3622
3623
3624
3626
3628
3631
3632
3633
3635
3637
3640
3642
3646
3647
3648
3650
3653
3656
3657
3658
3660
3661
3662
3663
3667
3668
3671
3672
3675
3678
3679
3680
3682
3684
3685
3686
3687
3688
3690
3692
3694
3697
3700
3701
3702
3703
3704
3706
3707
3709
3711
3713
3714
3715
3717
3718
3721
3722
3723
3724
3726
3731
3733
3735
3736
3737
3738
3741
3742
3745
3749
3751
3752
3753
3755
3756
3758
3760
3761
3763
3765
3766
3768
3769
3770
3771
3772
3773
3774
3776
3779
3780
3781
3782
3783
3784
3785
3788
3789
3790
3792
3794
3795
3796
3797
3798
3800
3801
3804
3806
3809
3812
3813
3814
3816
3817
3818
3821
3822
3823
3825
3828
3829
3831
3834
3835
3838
3839
3841
3844
3845
3846
3847
3850
3852
3854
3855
3856
3857
3858
3859
3861
3862
3865
3868
3870
3871
3872
3876
3877
3879
3880
3885
3887
3888
3889
3891
3894
3895
3900
3903
3904
3908
3909
3910
3911
3912
3913
3914
3915
3922
3923
3924
3926
3927
3928
3929
3930
3931
3932
3933
3934
3936
3937
3938
3939
3940
3941
3943
3944
3945
3946
3947
3948
3949
3954
3956
3957
3960
3965
3966
3967
3970
3972
3973
3974
3975
3977
3978
3979
3980
3981
3983
3984
3986
3987
3990
3991
3992
3993
3994
3996
3999
4000
4002
4003
4004
4005
4006
4007
4008
4011
4012
4013
4014
4015
4018
4019
4021
4023
4026
4027
4028
4029
4030
4031
4032
4033
4034
4035
4036
4037
4038
4041
4043
4044
4045
4049
4050
4052
4054
4055
4056
4058
4059
4061
4062
4064
4065
4067
4069
4071
4073
4074
4075
4077
4078
4079
4080
4081
4082
4083
4084
4085
4086
4088
4089
4092
4095
4096
4098
4099
4101
4104
4107
4108
4109
4112
4117
4118
4120
4122
4123
4124
4125
4126
4129
4130
4133
4134
4135
4136
4138
4139
4140
4141
4143
4144
4145
4146
4147
4148
4149
4152
4158
4161
4163
4164
4165
4167
4168
4169
4170
4171
4172
4173
4175
4178
4182
4183
4184
4186
4188
4190
4191
4193
4194
4195
4196
4197
4198
4200
4201
4203
4206
4209
4210
4211
4212
4216
4217
4218
4224
4228
4229
4232
4233
4236
4237
4239
4241
4244
4245
4246
4247
4248
4249
4250
4252
4253
4256
4257
4258
4262
4266
4267
4268
4270
4271
4272
4273
4274
4276
4277
4278
4279
4282
4283
4284
4286
4287
4289
4290
4291
4292
4293
4294
4296
4297
4298
4302
4303
4304
4305
4306
4309
4311
4312
4313
4314
4315
4316
4317
4318
4319
4322
4325
4327
4329
4331
4333
4335
4336
4337
4338
4339
4340
4341
4342
4344
4345
4348
4349
4350
4353
4357
4362
4363
4364
4365
4366
4368
4369
4370
4372
4374
4375
4376
4379
4380
4381
4382
4386
4387
4388
4390
4392
4396
4399
4400
4401
4404
4405
4406
4407
4408
4411
4414
4416
4417
4418
4423
4424
4425
4426
4428
4429
4430
4432
4433
4435
4436
4437
4439
4441
4443
4444
4445
4446
4447
4448
4449
4450
4451
4452
4457
4459
4462
4463
4464
4466
4467
4469
4471
4474
4477
4478
4479
4487
4489
4490
4491
4492
4493
4494
4495
4496
4498
4499
4500
4501
4503
4505
4506
4507
4508
4509
4510
4511
4512
4513
4514
4515
4516
4517
4518
4519
4521
4522
4528
4531
4532
4533
4534
4535
4536
4538
4540
4541
4542
4543
4544
4545
4549
4552
4554
4556
4557
4560
4561
4563
4564
4565
4566
4567
4568
4572
4573
4575
4577
4578
4580
4585
4586
4588
4592
4593
4595
4596
4597
4599
4600
4602
4605
4606
4607
4608
4609
4611
4612
4613
4614
4615
4616
4619
4621
4623
4627
4628
4629
4630
4632
4633
4634
4635
4636
4638
4640
4641
4642
4643
4644
4648
4650
4651
4654
4655
4659
4660
4661
4663
4665
4666
4667
4669
4670
4671
4672
4673
4675
4677
4678
4679
4680
4682
4683
4685
4688
4689
4690
4692
4693
4697
4698
4699
4700
4702
4703
4705
4706
4708
4709
4710
4711
4712
4713
4714
4715
4717
4719
4720
4721
4722
4723
4724
4725
4726
4727
4728
4729
4730
4731
4732
4735
4736
4738
4739
4740
4741
4742
4743
4746
4747
4749
4750
4751
4753
4755
4756
4757
4759
4761
4762
4764
4766
4769
4771
4772
4773
4774
4776
4778
4780
4782
4783
4784
4786
4787
4788
4790
4792
4793
4795
4796
4798
4799
4800
4801
4802
4803
4804
4807
4808
4810
4813
4815
4816
4819
4820
4821
4823
4824
4826
4827
4831
4832
4833
4834
4835
4836
4837
4838
4839
4843
4846
4849
4854
4856
4862
4864
4865
4866
4867
4869
4872
4875
4878
4879
4880
4882
4883
4885
4887
4888
4889
4890
4891
4893
4894
4897
4899
4900
4902
4903
4905
4907
4908
4910
4911
4912
4913
4914
4916
4918
4919
4920
4922
4925
4926
4927
4928
4929
4931
4932
4939
4946
4947
4948
4949
4950
4951
4952
4953
4956
4958
4962
4965
4966
4967
4968
4969
4970
4971
4972
4973
4974
4975
4977
4978
4980
4983
4984
4985
4990
4991
4992
4993
4994
4996
4997
5000
5001
5003
5004
5006
5008
5009
5012
5015
5016
5017
5018
5021
5022
5024
5027
5028
5029
5031
5034
5038
5046
5048
5049
5050
5051
5052
5056
5057
5058
5061
5062
5064
5065
5066
5070
5071
5072
5074
5079
5082
5084
5085
5086
5087
5088
5089
5090
5091
5094
5095
5097
5098
5099
5100
5101
5102
5103
5104
5105
5106
5108
5109
5111
5112
5115
5117
5118
5119
5120
5124
5126
5128
5129
5131
5132
5133
5139
5140
5141
5142
5143
5145
5146
5147
5148
5149
5150
5151
5152
5153
5155
5159
5161
5165
5167
5168
5171
5178
5179
5182
5183
5184
5189
5190
5192
5195
5196
5197
5198
5199
5202
5203
5204
5205
5207
5210
5211
5212
5213
5214
5217
5218
5219
5220
5221
5223
5228
5229
5231
5234
5235
5236
5240
5241
5242
5244
5245
5246
5247
5248
5250
5252
5253
5254
5255
5257
5258
5261
5263
5264
5265
5266
5267
5268
5270
5271
5273
5275
5277
5278
5279
5280
5281
5283
5285
5286
5287
5288
5289
5291
5292
5293
5296
5299
5300
5302
5303
5304
5305
5306
5307
5308
5309
5312
5318
5319
5322
5323
5325
5326
5327
5329
5330
5333
5334
5335
5336
5337
5341
5342
5347
5348
5349
5351
5352
5355
5356
5358
5361
5362
5365
5366
5369
5374
5375
5381
5382
5383
5384
5385
5387
5388
5392
5395
5396
5397
5398
5399
5400
5401
5403
5404
5406
5408
5409
5411
5413
5414
5415
5416
5417
5419
5420
5421
5422
5423
5428
5430
5433
5435
5436
5437
5441
5442
5444
5447
5451
5452
5454
5455
5457
5459
5461
5462
5463
5464
5465
5467
5468
5469
5470
5471
5472
5474
5475
5477
5478
5480
5486
5489
5490
5493
5494
5497
5498
5499
5502
5503
5506
5507
5508
5511
5512
5515
5516
5517
5519
5520
5521
5524
5526
5527
5528
5530
5532
5533
5534
5535
5536
5537
5543
5545
5548
5549
5550
5551
5552
5553
5559
5560
5562
5564
5567
5568
5569
5570
5572
5574
5577
5578
5579
5581
5584
5587
5589
5592
5593
5594
5595
5597
5599
5601
5602
5603
5604
5605
5606
5610
5611
5612
5613
5614
5615
5618
5621
5623
5624
5626
5627
5629
5631
5632
5633
5634
5635
5637
5639
5640
5641
5642
5643
5644
5645
5646
5647
5649
5650
5653
5656
5658
5661
5662
5663
5666
5667
5668
5669
5670
5672
5673
5675
5677
5681
5682
5683
5686
5688
5690
5691
5694
5698
5699
5703
5706
5707
5708
5709
5710
5712
5714
5715
5716
5717
5718
5719
5721
5723
5725
5726
5730
5731
5734
5735
5736
5737
5742
5743
5744
5745
5746
5747
5748
5749
5751
5752
5758
5760
5761
5763
5767
5769
5770
5771
5772
5773
5775
5777
5784
5786
5787
5788
5789
5791
5792
5793
5794
5795
5797
5801
5802
5803
5804
5806
5807
5809
5810
5811
5812
5813
5814
5815
5817
5818
5820
5822
5823
5824
5826
5827
5828
5830
5831
5833
5834
5837
5841
5842
5845
5847
5851
5852
5853
5854
5855
5856
5857
5858
5859
5860
5861
5863
5864
5865
5866
5868
5869
5871
5872
5873
5874
5875
5877
5878
5883
5884
5887
5888
5889
5892
5893
5895
5897
5898
5899
5900
5901
5902
5905
5906
5908
5909
5910
5912
5913
5914
5915
5917
5919
5922
5923
5925
5927
5929
5930
5931
5932
5933
5935
5936
5937
5938
5939
5940
5942
5943
5944
5945
5946
5948
5949
5951
5953
5954
5955
5956
5958
5959
5960
5963
5964
5968
5969
5970
5971
5972
5973
5978
5982
5984
5985
5986
5987
5989
5993
5994
5996
5998
5999
6000
6001
6002
6004
6007
6009
6011
6012
6013
6016
6017
6020
6023
6024
6025
6027
6028
6029
6031
6034
6036
6038
6041
6043
6044
6046
6047
6049
6050
6051
6052
6053
6055
6056
6057
6060
6062
6063
6064
6066
6068
6071
6073
6074
6075
6076
6077
6080
6082
6083
6085
6087
6088
6089
6090
6091
6092
6094
6098
6099
6101
6102
6103
6106
6107
6111
6113
6114
6115
6116
6117
6118
6119
6120
6121
6122
6123
6124
6125
6126
6128
6130
6131
6132
6133
6136
6137
6139
6140
6141
6142
6143
6144
6145
6148
6150
6151
6152
6153
6154
6155
6156
6157
6159
6162
6163
6167
6168
6169
6171
6172
6173
6174
6176
6177
6178
6179
6180
6181
6183
6184
6188
6191
6192
6195
6199
6200
6202
6204
6210
6212
6214
6216
6217
6221
6222
6223
6224
6225
6226
6227
6228
6230
6232
6233
6236
6238
6239
6241
6242
6245
6246
6247
6250
6251
6252
6254
6255
6256
6257
6258
6259
6260
6263
6266
6268
6269
6270
6271
6272
6274
6275
6277
6280
6282
6283
6285
6287
6288
6289
6291
6294
6296
6297
6298
6303
6304
6305
6307
6310
6313
6314
6315
6316
6317
6320
6321
6322
6323
6324
6325
6326
6328
6329
6330
6332
6333
6336
6337
6342
6344
6347
6349
6350
6351
6353
6356
6359
6360
6361
6362
6363
6365
6366
6369
6370
6371
6372
6373
6375
6377
6378
6379
6380
6381
6383
6385
6386
6388
6389
6390
6391
6392
6393
6394
6395
6400
6402
6404
6409
6412
6413
6415
6417
6418
6420
6421
6425
6426
6427
6428
6429
6430
6431
6433
6434
6435
6438
6439
6440
6442
6443
6444
6447
6450
6451
6452
6453
6455
6456
6459
6461
6462
6463
6464
6466
6467
6473
6474
6475
6477
6482
6484
6486
6488
6489
6490
6492
6493
6494
6495
6499
6500
6503
6504
6507
6508
6510
6511
6512
6515
6516
6517
6518
6519
6520
6521
6522
6523
6524
6528
6531
6533
6535
6536
6537
6538
6539
6540
6542
6543
6544
6546
6547
6548
6549
6550
6551
6552
6553
6554
6555
6556
6558
6559
6562
6563
6564
6565
6567
6568
6569
6570
6571
6572
6573
6578
6581
6582
6583
6585
6586
6587
6588
6590
6592
6593
6597
6600
6601
6602
6607
6611
6612
6615
6616
6617
6618
6619
6620
6621
6622
6623
6624
6625
6626
6627
6628
6629
6630
6631
6632
6634
6635
6636
6637
6639
6641
6642
6643
6644
6645
6646
6647
6648
6649
6650
6652
6653
6654
6655
6656
6657
6659
6660
6661
6662
6666
6668
6669
6670
6671
6672
6673
6674
6675
6676
6677
6678
6679
6680
6682
6683
6684
6685
6687
6688
6690
6691
6692
6696
6697
6699
6701
6702
6703
6706
6707
6708
6709
6710
6711
6712
6713
6714
6715
6716
6720
6722
6723
6726
6729
6730
6732
6733
6736
6738
6739
6741
6745
6746
6747
6748
6749
6750
6753
6755
6756
6757
6758
6761
6762
6763
6765
6766
6767
6769
6771
6772
6775
6776
6777
6778
6779
6780
6781
6782
6783
6786
6789
6790
6795
6796
6799
6800
6803
6806
6807
6810
6811
6815
6816
6817
6818
6819
6820
6821
6823
6824
6825
6826
6828
6830
6831
6832
6834
6836
6837
6838
6840
6841
6843
6844
6845
6846
6847
6848
6849
6850
6851
6852
6853
6855
6857
6859
6860
6861
6863
6864
6865
6867
6868
6870
6874
6875
6878
6879
6880
6881
6882
6883
6884
6888
6889
6890
6891
6893
6894
6900
6902
6903
6904
6905
6906
6908
6909
6910
6911
6912
6913
6914
6916
6917
6918
6920
6923
6924
6925
6926
6927
6928
6929
6930
6931
6933
6934
6937
6938
6939
6940
6942
6943
6944
6945
6946
6947
6949
6950
6951
6953
6954
6955
6962
6963
6964
6965
6966
6967
6968
6969
6972
6974
6975
6977
6979
6980
6982
6984
6986
6988
6989
6991
6992
6993
6994
6995
6996
6998
6999
7000
7002
7003
7004
7010
7012
7013
7015
7017
7018
7019
7021
7022
7023
7025
7026
7027
7028
7029
7030
7032
7033
7034
7035
7036
7038
7041
7043
7045
7046
7047
7049
7050
7051
7058
7061
7063
7064
7065
7066
7069
7073
7074
7075
7076
7079
7082
7083
7084
7085
7087
7088
7089
7090
7092
7094
7095
7097
7098
7099
7100
7101
7104
7105
7107
7108
7110
7111
7113
7116
7117
7120
7121
7123
7126
7127
7128
7133
7135
7136
7137
7139
7140
7141
7142
7143
7144
7145
7150
7151
7154
7155
7156
7157
7159
7160
7162
7163
7164
7165
7166
7167
7169
7170
7171
7173
7175
7177
7179
7180
7181
7183
7184
7185
7189
7191
7192
7196
7197
7198
7199
7205
7208
7209
7212
7213
7216
7218
7219
7220
7221
7223
7224
7225
7227
7229
7232
7234
7237
7238
7242
7244
7245
7247
7249
7251
7252
7254
7255
7256
7258
7259
7262
7264
7265
7266
7270
7271
7272
7274
7276
7277
7278
7279
7280
7281
7282
7284
7285
7286
7288
7292
7293
7294
7295
7296
7297
7298
7299
7301
7304
7305
7308
7309
7311
7314
7315
7316
7317
7318
7319
7320
7323
7324
7326
7327
7328
7331
7332
7333
7335
7336
7339
7340
7343
7344
7345
7347
7348
7352
7354
7355
7356
7357
7360
7361
7362
7363
7364
7365
7367
7368
7369
7371
7375
7376
7377
7379
7380
7382
7384
7385
7388
7389
7390
7392
7393
7394
7395
7396
7398
7399
7400
7402
7404
7405
7406
7409
7410
7412
7413
7414
7417
7418
7420
7421
7428
7429
7431
7432
7433
7434
7436
7437
7439
7441
7444
7445
7447
7448
7449
7450
7451
7454
7455
7456
7457
7460
7461
7462
7463
7465
7467
7468
7469
7471
7472
7473
7474
7475
7476
7477
7478
7484
7485
7486
7487
7488
7491
7493
7495
7496
7497
7498
7499
7501
7502
7504
7506
7510
7512
7513
7515
7518
7520
7521
7523
7524
7526
7528
7529
7530
7531
7532
7534
7538
7539
7542
7544
7545
7546
7547
7548
7551
7553
7556
7557
7560
7561
7562
7563
7564
7566
7569
7570
7571
7573
7574
7575
7576
7577
7579
7581
7584
7585
7586
7587
7589
7590
7592
7595
7596
7598
7599
7600
7604
7606
7607
7609
7612
7615
7617
7618
7619
7621
7622
7623
7624
7627
7628
7629
7630
7635
7636
7637
7639
7640
7641
7642
7643
7644
7645
7646
7649
7650
7652
7653
7654
7659
7662
7665
7667
7672
7673
7674
7675
7676
7678
7680
7681
7682
7683
7686
7687
7690
7691
7692
7693
7698
7700
7701
7702
7703
7704
7705
7706
7707
7708
7711
7712
7713
7714
7715
7716
7718
7720
7724
7730
7732
7735
7737
7738
7739
7740
7741
7742
7743
7744
7746
7747
7748
7751
7752
7753
7754
7756
7757
7758
7761
7762
7763
7764
7766
7768
7770
7772
7773
7774
7775
7776
7778
7779
7780
7782
7783
7784
7786
7787
7788
7790
7791
7794
7795
7796
7797
7798
7803
7804
7807
7810
7811
7813
7814
7816
7818
7820
7821
7822
7823
7824
7825
7827
7829
7831
7833
7834
7835
7839
7841
7843
7844
7845
7847
7848
7849
7850
7851
7852
7854
7855
7856
7857
7858
7861
7864
7865
7867
7868
7870
7872
7874
7876
7877
7879
7880
7883
7884
7891
7892
7893
7894
7895
7897
7899
7900
7902
7903
7904
7906
7908
7909
7910
7912
7913
7914
7916
7918
7921
7925
7928
7929
7932
7934
7935
7936
7938
7939
7940
7941
7942
7943
7944
7945
7947
7948
7949
7950
7951
7952
7955
7957
7959
7961
7965
7966
7967
7969
7970
7971
7972
7973
7974
7976
7977
7978
7979
7980
7981
7982
7983
7985
7986
7988
7990
7991
7994
7995
7996
7998
8003
8004
8005
8006
8007
8012
8014
8019
8020
8022
8023
8024
8025
8026
8027
8028
8032
8033
8034
8038
8040
8041
8042
8043
8044
8046
8048
8049
8051
8054
8056
8057
8058
8059
8061
8062
8063
8065
8066
8069
8070
8072
8074
8075
8076
8077
8078
8079
8081
8082
8084
8088
8090
8091
8092
8094
8095
8096
8098
8100
8101
8102
8103
8104
8106
8109
8110
8111
8113
8114
8115
8116
8118
8120
8121
8122
8123
8126
8128
8129
8130
8131
8132
8135
8137
8138
8139
8140
8142
8143
8144
8146
8148
8153
8154
8157
8158
8160
8165
8166
8167
8168
8169
8171
8172
8174
8175
8177
8178
8179
8180
8181
8184
8186
8188
8193
8194
8195
8197
8200
8202
8204
8206
8207
8210
8211
8213
8214
8215
8217
8218
8219
8222
8223
8224
8225
8226
8228
8229
8230
8231
8234
8238
8239
8241
8243
8244
8246
8253
8254
8255
8257
8258
8259
8260
8261
8262
8264
8265
8266
8268
8269
8270
8272
8273
8274
8276
8277
8281
8282
8285
8290
8291
8292
8294
8296
8299
8300
8301
8305
8306
8308
8309
8310
8312
8314
8316
8318
8319
8320
8321
8322
8324
8326
8328
8330
8331
8332
8334
8335
8336
8337
8338
8339
8342
8343
8344
8345
8346
8347
8353
8355
8356
8357
8358
8363
8365
8366
8368
8370
8374
8375
8376
8377
8378
8380
8383
8384
8385
8386
8387
8389
8390
8393
8396
8397
8400
8401
8402
8403
8405
8408
8413
8418
8421
8422
8425
8426
8427
8428
8429
8430
8432
8435
8437
8438
8440
8441
8443
8444
8445
8448
8450
8451
8452
8453
8455
8456
8457
8458
8459
8460
8467
8468
8469
8470
8471
8472
8473
8474
8475
8476
8478
8479
8481
8482
8484
8485
8487
8490
8493
8494
8495
8496
8498
8500
8501
8502
8507
8508
8509
8510
8511
8512
8514
8516
8518
8519
8520
8523
8524
8525
8526
8528
8529
8530
8531
8532
8533
8535
8541
8542
8543
8544
8545
8546
8547
8550
8551
8555
8556
8558
8559
8560
8561
8562
8565
8567
8568
8569
8570
8575
8576
8577
8580
8581
8582
8586
8589
8590
8592
8593
8594
8595
8598
8600
8602
8604
8605
8606
8607
8609
8610
8616
8619
8621
8626
8627
8628
8629
8631
8632
8633
8634
8635
8636
8638
8640
8642
8643
8646
8649
8650
8651
8654
8655
8657
8662
8663
8664
8665
8667
8668
8669
8670
8672
8674
8675
8676
8677
8678
8679
8681
8684
8685
8686
8687
8688
8689
8690
8691
8692
8693
8694
8696
8697
8698
8699
8701
8702
8704
8707
8708
8709
8711
8714
8715
8717
8718
8720
8721
8722
8723
8724
8725
8726
8727
8730
8732
8733
8734
8739
8740
8743
8744
8745
8746
8747
8749
8750
8751
8752
8753
8755
8757
8759
8761
8762
8763
8766
8767
8768
8775
8776
8780
8787
8789
8790
8793
8794
8795
8796
8797
8798
8799
8800
8801
8803
8804
8806
8807
8810
8811
8812
8813
8814
8815
8816
8817
8818
8819
8823
8825
8827
8828
8829
8831
8832
8833
8834
8835
8836
8837
8838
8839
8840
8843
8844
8845
8846
8847
8848
8849
8850
8851
8853
8854
8855
8856
8860
8862
8863
8864
8865
8866
8867
8869
8870
8871
8872
8875
8876
8877
8879
8881
8885
8886
8887
8892
8895
8896
8898
8899
8900
8901
8902
8905
8907
8909
8911
8912
8913
8914
8915
8916
8918
8920
8921
8922
8923
8924
8926
8927
8928
8929
8932
8937
8940
8942
8944
8947
8949
8950
8953
8954
8955
8956
8961
8962
8965
8966
8967
8970
8971
8972
8973
8977
8979
8980
8981
8982
8984
8985
8987
8989
8990
8993
8996
8997
8999
9000
9003
9004
9006
9007
9008
9009
9010
9013
9014
9015
9016
9020
9021
9022
9023
9025
9026
9028
9029
9030
9031
9032
9033
9034
9036
9037
9038
9039
9040
9043
9044
9045
9046
9047
9050
9051
9052
9054
9055
9056
9057
9058
9063
9065
9066
9067
9069
9070
9071
9072
9073
9076
9079
9080
9081
9083
9084
9085
9087
9088
9090
9091
9093
9094
9095
9096
9097
9098
9101
9102
9103
9104
9107
9110
9111
9113
9114
9116
9119
9120
9121
9122
9123
9124
9125
9128
9129
9130
9132
9134
9136
9139
9140
9141
9143
9144
9145
9146
9147
9152
9153
9154
9155
9156
9160
9161
9162
9163
9164
9165
9167
9168
9169
9170
9171
9172
9173
9174
9176
9178
9180
9182
9185
9187
9188
9189
9190
9192
9195
9196
9198
9199
9200
9203
9204
9206
9207
9209
9210
9211
9212
9213
9215
9218
9219
9220
9222
9224
9225
9226
9227
9230
9234
9235
9236
9237
9240
9242
9244
9245
9246
9251
9252
9253
9254
9255
9256
9257
9258
9259
9260
9261
9262
9263
9264
9265
9266
9267
9269
9270
9271
9273
9275
9276
9277
9280
9281
9282
9284
9285
9287
9288
9289
9290
9292
9295
9296
9299
9300
9301
9302
9303
9304
9305
9306
9307
9308
9309
9310
9311
9312
9313
9314
9317
9318
9320
9322
9323
9327
9328
9329
9331
9335
9336
9337
9338
9342
9343
9345
9348
9351
9352
9353
9354
9356
9362
9366
9367
9368
9371
9372
9373
9374
9375
9376
9377
9378
9379
9380
9383
9384
9385
9387
9389
9390
9391
9392
9393
9394
9396
9397
9400
9402
9403
9404
9406
9407
9408
9412
9413
9414
9417
9419
9420
9421
9422
9423
9427
9428
9429
9431
9438
9439
9440
9441
9443
9444
9445
9447
9448
9449
9451
9453
9455
9456
9458
9459
9461
9464
9467
9470
9471
9472
9477
9478
9479
9480
9482
9483
9485
9486
9489
9490
9493
9494
9496
9497
9500
9501
9502
9504
9505
9506
9507
9510
9512
9513
9515
9516
9518
9520
9521
9522
9525
9530
9531
9532
9533
9535
9536
9537
9539
9543
9545
9547
9550
9551
9552
9553
9554
9555
9556
9558
9559
9560
9561
9562
9563
9568
9569
9570
9571
9572
9573
9575
9578
9582
9583
9584
9585
9586
9587
9589
9590
9591
9596
9600
9601
9603
9607
9608
9609
9610
9611
9613
9614
9616
9617
9618
9619
9624
9625
9626
9627
9635
9636
9637
9638
9639
9640
9641
9643
9644
9645
9646
9648
9650
9652
9653
9654
9655
9661
9663
9664
9666
9670
9672
9676
9679
9680
9681
9682
9683
9684
9685
9687
9688
9689
9690
9692
9694
9695
9696
9697
9699
9701
9702
9703
9704
9707
9708
9709
9710
9711
9713
9714
9716
9717
9719
9721
9722
9723
9725
9726
9728
9729
9730
9735
9737
9738
9739
9741
9742
9744
9745
9746
9748
9749
9751
9754
9759
9761
9765
9766
9767
9768
9771
9772
9773
9777
9779
9783
9784
9786
9789
9792
9793
9794
9795
9797
9800
9801
9802
9803
9804
9806
9807
9809
9813
9815
9816
9817
9818
9819
9821
9822
9824
9825
9826
9827
9828
9829
9831
9834
9836
9837
9839
9840
9842
9843
9844
9845
9846
9847
9849
9853
9854
9856
9857
9858
9860
9863
9865
9866
9867
9870
9872
9873
9874
9877
9878
9879
9880
9885
9887
9889
9891
9892
9896
9898
9899
9900
9901
9902
9903
9904
9907
9909
9911
9914
9917
9918
9921
9922
9925
9931
9936
9939
9940
9942
9944
9946
9947
9949
9950
9954
9955
9956
9959
9960
9961
9963
9964
9965
9967
9970
9971
9972
9973
9974
9975
9977
9978
9980
9982
9984
9985
9986
9987
9989
9990
9993
9994
9997
10002
10004
10005
10009
10011
10013
10014
10015
10016
10017
10018
10019
10021
10022
10023
10024
10026
10029
10030
10032
10034
10035
10036
10037
10039
10041
10042
10045
10047
10048
10050
10051
10053
10055
10057
10058
10060
10061
10063
10064
10065
10066
10067
10070
10071
10072
10074
10077
10078
10080
10081
10082
10086
10087
10089
10091
10093
10094
10096
10101
10102
10103
10104
10108
10110
10112
10113
10115
10117
10119
10123
10124
10125
10127
10128
10130
10132
10133
10134
10137
10138
10139
10140
10141
10143
10146
10147
10148
10149
10150
10152
10153
10155
10156
10157
10160
10161
10164
10165
10167
10169
10172
10173
10175
10176
10178
10179
10181
10183
10188
10189
10190
10191
10192
10193
10194
10195
10197
10198
10199
10202
10203
10204
10205
10206
10209
10210
10212
10213
10216
10218
10219
10222
10225
10228
10231
10234
10236
10238
10239
10240
10242
10243
10244
10245
10247
10249
10250
10251
10252
10253
10255
10256
10258
10259
10261
10263
10264
10265
10267
10269
10271
10273
10274
10275
10277
10279
10281
10283
10284
10285
10286
10287
10288
10289
10290
10292
10293
10294
10297
10298
10299
10300
10301
10302
10303
10304
10306
10307
10310
10311
10312
10314
10315
10318
10320
10321
10322
10323
10325
10326
10328
10332
10333
10335
10336
10337
10338
10339
10340
10342
10345
10346
10348
10350
10352
10353
10355
10356
10357
10361
10364
10365
10367
10368
10371
10373
10375
10379
10380
10383
10384
10386
10388
10389
10391
10394
10396
10401
10405
10406
10408
10410
10411
10413
10414
10415
10418
10419
10421
10424
10425
10426
10428
10429
10430
10431
10434
10438
10440
10443
10445
10447
10448
10451
10452
10455
10456
10457
10459
10460
10461
10463
10464
10465
10466
10467
10469
10473
10474
10483
10485
10488
10489
10490
10491
10492
10493
10494
10495
10496
10497
10498
10499
10500
10502
10503
10505
10509
10510
10511
10513
10515
10516
10518
10520
10523
10526
10527
10529
10533
10534
10537
10540
10542
10544
10546
10547
10548
10549
10552
10553
10554
10555
10557
10559
10560
10561
10563
10564
10565
10566
10567
10568
10569
10570
10575
10577
10578
10582
10583
10584
10586
10587
10589
10590
10591
10593
10596
10597
10600
10601
10605
10607
10609
10613
10615
10618
10620
10621
10622
10623
10624
10625
10627
10629
10632
10633
10635
10637
10641
10642
10643
10646
10648
10649
10651
10652
10653
10654
10658
10660
10664
10665
10666
10667
10668
10672
10675
10677
10679
10681
10683
10684
10685
10686
10687
10688
10689
10690
10691
10692
10693
10694
10695
10697
10698
10699
10701
10702
10705
10706
10708
10710
10712
10714
10715
10716
10720
10721
10722
10727
10728
10730
10731
10732
10734
10736
10737
10739
10742
10743
10745
10746
10747
10750
10751
10752
10755
10756
10757
10759
10761
10763
10764
10765
10766
10768
10770
10771
10778
10780
10781
10785
10786
10787
10788
10790
10791
10794
10795
10797
10798
10799
10800
10801
10802
10803
10804
10805
10806
10807
10808
10810
10811
10812
10813
10814
10815
10816
10818
10819
10821
10824
10825
10826
10827
10830
10832
10833
10834
10836
10837
10839
10840
10841
10843
10845
10848
10850
10852
10854
10855
10856
10857
10858
10859
10860
10862
10863
10864
10865
10870
10872
10873
10874
10875
10876
10878
10879
10882
10883
10886
10887
10888
10890
10891
10893
10894
10896
10898
10899
10901
10903
10907
10908
10909
10913
10914
10915
10919
10920
10921
10922
10923
10924
10925
10926
10927
10929
10930
10931
10932
10935
10938
10939
10940
10942
10944
10946
10951
10956
10961
10962
10964
10965
10967
10968
10969
10970
10971
10972
10973
10974
10975
10977
10982
10985
10986
10989
10990
10991
10992
10993
10996
10999
11000
11001
11002
11003
11004
11005
11006
11007
11008
11009
11010
11011
11012
11013
11014
11017
11018
11019
11021
11022
11023
11025
11026
11027
11029
11030
11031
11032
11034
11037
11039
11040
11041
11042
11043
11044
11045
11046
11047
11048
11049
11050
11051
11052
11053
11054
11055
11058
11059
11060
11061
11062
11063
11065
11067
11068
11069
11070
11073
11074
11075
11076
11077
11078
11079
11081
11082
11083
11084
11085
11087
11088
11089
11090
11091
11092
11093
11094
11097
11098
11099
11100
11103
11104
11105
11106
11107
11109
11110
11113
11115
11116
11117
11118
11119
11121
11122
11123
11124
11125
11127
11128
11130
11131
11133
11134
11135
11136
11137
11138
11139
11140
11141
11142
11143
11147
11149
11151
11152
11153
11154
11155
11157
11158
11160
11161
11162
11163
11164
11165
11167
11169
11170
11172
11173
11174
11175
11176
11177
11178
11179
11180
11181
11182
11183
11184
11186
11187
11188
11189
11190
11192
11194
11195
11197
11199
11200
11201
11202
11203
11205
11206
11207
11208
11209
11210
11212
11213
11214
11215
11216
11217
11218
11219
11220
11222
11224
11226
11227
11229
11231
11232
11234
11235
11236
11237
11240
11242
11243
11244
11245
11246
11248
11249
11250
11251
11252
11254
11255
11256
11257
11258
11259
11260
11261
11262
11264
11266
11268
11269
11270
11271
11273
11274
11275
11276
11277
11279
11281
11283
11284
11285
11288
11289
11290
11291
11292
11294
11296
11297
11298
11299
11300
11301
11302
11303
11304
11305
11306
11307
11309
11310
11313
11314
11315
11317
11318
11319
11320
11322
11323
11324
11325
11327
11328
11329
11330
11331
11332
11333
11334
11336
11337
11338
11339
11340
11341
11342
11343
11344
11346
11347
11348
11349
11350
11351
11352
11355
11356
11357
11358
11359
11360
11361
11362
11363
11364
11365
11367
11368
11369
11370
11371
11372
11374
11375
11376
11378
11379
11380
11381
11383
11385
11386
11387
11388
11390
11391
11392
11393
11394
11395
11398
11400
11403
11404
11407
11408
11409
11410
11412
11414
11415
11416
11417
11418
11419
11420
11421
11422
11423
11425
11426
11427
11429
11431
11433
11435
11436
11437
11438
11439
11441
11442
11443
11444
11445
11446
11447
11448
11449
11451
11452
11453
11454
11455
11456
11459
11460
11461
11463
11464
11465
11466
11467
11468
11469
11470
11471
11472
11473
11474
11476
11477
11480
11481
11483
11484
11485
11486
11487
11488
11490
11491
11492
11494
11496
11497
11498
11499
11501
11502
11503
11504
11505
11506
11507
11508
11509
11510
11513
11515
11516
11517
11518
11519
11520
11521
11522
11523
11524
11525
11526
11527
11528
11530
11531
11532
11534
11536
11537
11538
11540
11541
11542
11545
11546
11547
11548
11549
11550
11551
11553
11554
11555
11556
11557
11560
11561
11563
11564
11565
11566
11568
11569
11570
11571
11572
11573
11574
11575
11578
11579
11580
11582
11583
11584
11585
11587
11588
11589
11590
11591
11593
11595
11596
11597
11599
11600
11601
11602
11605
11607
11608
11609
11612
11613
11614
11615
11617
11620
11621
11622
11623
11624
11625
11626
11628
11629
11630
11631
11632
11633
11634
11636
11638
11639
11642
11644
11646
11648
11649
11651
11652
11653
11654
11655
11656
11657
11658
11659
11660
11661
11662
11663
11665
11667
11668
11669
11670
11671
11672
11674
11675
11677
11678
11679
11680
11681
11682
11683
11684
11685
11686
11687
11688
11689
11690
11691
11692
11693
11694
11696
11698
11700
11703
11704
11705
11706
11707
11709
11710
11711
11713
11715
11716
11718
11719
11720
11721
11722
11724
11725
11727
11730
11731
11732
11733
11734
11735
11736
11737
11738
11739
11743
11744
11745
11748
11749
11751
11753
11755
11756
11757
11760
11761
11762
11763
11764
11766
11767
11768
11770
11771
11772
11773
11774
11775
11776
11777
11779
11780
11781
11782
11783
11784
11785
11786
11789
11790
11791
11793
11795
11797
11798
11799
11800
11801
11802
11804
11805
11806
11807
11808
11809
11811
11812
11813
11817
11818
11819
11820
11821
11822
11824
11827
11828
11829
11830
11831
11832
11833
11834
11835
11836
11838
11839
11840
11841
11842
11843
11845
11846
11847
11848
11850
11851
11852
11853
11855
11856
11857
11859
11860
11861
11862
11863
11864
11865
11866
11867
11868
11869
11870
11871
11873
11874
11875
11876
11878
11879
11880
11881
11882
11883
11884
11886
11887
11888
11889
11890
11891
11892
11894
11895
11896
11897
11899
11900
11902
11903
11904
11905
11906
11907
11909
11910
11911
11912
11913
11914
11915
11916
11918
11919
11920
11921
11923
11924
11925
11926
11927
11928
11929
11930
11931
11932
11933
11935
11936
11937
11939
11940
11941
11943
11945
11946
11947
11949
11950
11951
11952
11953
11954
11955
11956
11958
11959
11960
11962
11965
11966
11969
11971
11972
11973
11974
11976
11977
11978
11979
11980
11981
11982
11984
11985
11986
11987
11988
11989
11990
11991
11992
11994
11995
11996
12000
12002
12003
12004
12005
12007
12008
12009
12011
12012
12014
12015
12016
12017
12018
12019
12020
12021
12022
12023
12024
12026
12027
12028
12029
12030
12031
12032
12033
12034
12035
12036
12038
12039
12040
12041
12043
12044
12045
12046
12047
12048
12050
12051
12052
12053
12054
12055
12056
12057
12058
12060
12061
12062
12063
12064
12065
12066
12067
12068
12070
12071
12072
12073
12075
12077
12078
12079
12081
12082
12083
12084
12085
12086
12087
12088
12089
12091
12094
12095
12096
12097
12098
12099
12100
12101
12102
12103
12104
12105
12107
12108
12109
12110
12111
12112
12113
12114
12115
12116
12117
12118
12120
12121
12122
12123
12124
12126
12132
12133
12134
12135
12136
12137
12138
12139
12140
12141
12142
12143
12144
12145
12146
12147
12149
12150
12151
12152
12153
12156
12157
12158
12159
12160
12161
12162
12163
12164
12165
12166
12167
12168
12170
12171
12173
12174
12175
12176
12177
12179
12180
12181
12182
12184
12185
12186
12187
12188
12190
12191
12193
12194
12195
12196
12197
12198
12199
12200
12201
12203
12204
12205
12207
12208
12209
12210
12211
12212
12213
12214
12215
12216
12218
12219
12222
12223
12225
12226
12227
12228
12230
12232
12233
12234
12235
12236
12238
12239
12240
12241
12242
12243
12244
12245
12248
12249
12250
12251
12253
12254
12255
12256
12257
12258
12259
12260
12261
12262
12263
12264
12265
12266
12267
12268
12269
12272
12273
12274
12275
12276
12277
12279
12280
12284
12285
12286
12287
12288
12289
12291
12292
12293
12296
12297
12298
12299
12300
12301
12304
12305
12306
12307
12308
12309
12310
12311
12312
12313
12314
12316
12317
12318
12319
12320
12321
12323
12324
12325
12326
12327
12328
12329
12330
12332
12333
12334
12335
12336
12337
12339
12340
12341
12345
12346
12347
12349
12350
12351
12352
12353
12355
12356
12358
12359
12360
12361
12362
12363
12364
12365
12366
12367
12368
12370
12371
12372
12374
12375
12376
12377
12378
12379
12381
12386
12388
12389
12390
12391
12392
12393
12394
12395
12396
12397
12398
12399
12401
12403
12404
12406
12407
12408
12409
12411
12413
12414
12415
12417
12418
12419
12420
12421
12422
12423
12424
12425
12427
12428
12429
12430
12431
12432
12433
12434
12435
12436
12437
12438
12439
12440
12444
12446
12447
12449
12450
12451
12455
12456
12457
12459
12460
12461
12462
12465
12467
12469
12470
12471
12472
12473
12475
12476
12477
12480
12481
12482
12484
12486
12487
12488
12489
12490
12491
12493
12494
12495
12496
12497
12498
12499
12500
12501
12502
12503
12504
12505
12507
12508
12509
12510
12511
12512
12513
12514
12515
12516
12517
12518
12520
12521
12522
12523
12524
12525
12526
12527
12528
12529
12530
12531
12532
12533
12534
12536
12537
12539
12540
12541
12542
12543
12544
12545
12546
12550
12552
12553
12554
12555
12556
12557
12558
12560
12561
12562
12563
12564
12565
12566
12567
12568
12569
12570
12571
12573
12574
12576
12577
12578
12579
12580
12582
12583
12587
12588
12589
12591
12592
12593
12594
12595
12596
12597
12598
12599
12600
12601
12602
12604
12605
12606
12608
12609
12610
12611
12612
12614
12615
12617
12619
12620
12623
12624
12625
12626
12627
12628
12629
12630
12631
12632
12633
12634
12635
12636
12638
12639
12640
12641
12642
12643
12644
12645
12646
12647
12648
12649
12650
12651
12652
12653
12655
12656
12657
12659
12660
12661
12662
12663
12664
12665
12666
12667
12668
12669
12672
12673
12674
12675
12677
12678
12679
12680
12681
12683
12684
12685
12686
12687
12688
12689
12690
12691
12693
12694
12695
12697
12698
12699
12700
12701
12702
12704
12705
12706
12707
12708
12709
12710
12711
12712
12713
12714
12715
12716
12717
12718
12719
12721
12722
12723
12725
12726
12727
12729
12730
12731
12732
12733
12734
12735
12737
12738
12739
12740
12741
12743
12744
12745
12747
12748
12749
12750
12751
12752
12755
12757
12758
12759
12760
12761
12762
12763
12765
12767
12768
12769
12771
12772
12773
12776
12777
12778
12780
12781
12782
12783
12784
12785
12786
12787
12789
12790
12791
12793
12794
12795
12796
12797
12798
12800
12802
12803
12804
12805
12806
12808
12809
12810
12811
12812
12815
12816
12817
12819
12820
12822
12823
12824
12825
12826
12827
12828
12830
12831
12832
12834
12835
12836
12837
12838
12839
12841
12842
12843
12844
12845
12846
12847
12849
12850
12851
12852
12854
12856
12857
12858
12859
12860
12863
12864
12865
12866
12867
12868
12869
12870
12872
12873
12874
12875
12877
12878
12879
12880
12883
12885
12886
12887
12888
12889
12890
12891
12892
12894
12895
12896
12897
12898
12899
12900
12901
12902
12903
12904
12905
12906
12908
12909
12910
12912
12913
12914
12915
12916
12917
12918
12920
12921
12922
12923
12925
12926
12927
12928
12929
12930
12931
12932
12933
12934
12935
12938
12939
12940
12942
12943
12945
12946
12947
12948
12949
12951
12952
12953
12954
12955
12956
12957
12958
12960
12961
12962
12963
12964
12965
12970
12971
12972
12973
12974
12975
12976
12977
12978
12979
12980
12981
12982
12983
12984
12985
12986
12989
12990
12991
12992
12993
12994
12995
12996
12997
12998
12999
13000
13001
13002
13003
13004
13005
13006
13007
13008
13009
13011
13012
13013
13014
13015
13016
13017
13018
13019
13020
13021
13022
13024
13025
13027
13028
13029
13030
13032
13033
13034
13035
13036
13037
13038
13039
13040
13041
13042
13043
13045
13046
13047
13049
13052
13055
13056
13058
13059
13060
13061
13064
13065
13066
13067
13068
13069
13072
13073
13074
13075
13076
13077
13079
13080
13081
13082
13083
13084
13085
13086
13087
13088
13090
13091
13092
13093
13094
13095
13097
13099
13100
13102
13103
13104
13105
13106
13109
13110
13111
13112
13113
13114
13116
13117
13118
13119
13120
13123
13124
13125
13126
13127
13129
13130
13131
13132
13133
13135
13136
13137
13138
13139
13140
13142
13144
13145
13147
13148
13150
13151
13152
13153
13154
13155
13156
13157
13158
13160
13161
13162
13164
13165
13167
13168
13169
13170
13171
13172
13173
13174
13175
13176
13177
13178
13179
13180
13181
13182
13183
13185
13186
13187
13188
13189
13190
13191
13192
13193
13194
13196
13197
13198
13199
13200
13201
13202
13203
13204
13205
13206
13207
13208
13209
13210
13211
13212
13213
13214
13215
13216
13217
13218
13219
13220
13221
13223
13224
13225
13226
13227
13229
13230
13232
13234
13235
13236
13238
13239
13240
13241
13242
13244
13245
13246
13247
13249
13250
13253
13254
13255
13257
13258
13259
13260
13261
13262
13263
13264
13265
13266
13267
13268
13269
13270
13271
13277
13278
13279
13280
13281
13282
13284
13285
13287
13288
13289
13290
13291
13292
13293
13294
13295
13296
13297
13298
13299
13300
13301
13302
13303
13305
13306
13307
13309
13311
13312
13313
13315
13316
13317
13318
13319
13320
13321
13322
13323
13325
13326
13328
13329
13331
13333
13335
13336
13337
13338
13339
13340
13341
13342
13343
13345
13346
13347
13348
13349
13351
13352
13353
13356
13358
13359
13360
13361
13362
13363
13364
13365
13366
13367
13368
13369
13370
13371
13372
13373
13374
13375
13376
13377
13379
13380
13381
13383
13384
13385
13387
13388
13389
13390
13392
13393
13394
13395
13396
13397
13398
13399
13400
13401
13402
13403
13404
13405
13406
13407
13408
13411
13412
13413
13414
13415
13417
13418
13419
13420
13422
13424
13425
13426
13427
13428
13431
13432
13433
13434
13435
13436
13437
13438
13439
13440
13441
13442
13443
13444
13447
13448
13449
13450
13451
13452
13454
13456
13458
13459
13461
13462
13463
13464
13465
13466
13467
13471
13473
13475
13478
13479
13480
13481
13482
13483
13485
13486
13487
13491
13492
13495
13496
13497
13499
13500
13501
13502
13503
13504
13505
13507
13508
13509
13510
13512
13513
13514
13516
13517
13521
13522
13524
13525
13526
13527
13528
13529
13530
13531
13533
13534
13535
13536
13538
13539
13540
13541
13542
13543
13544
13545
13547
13549
13551
13552
13553
13554
13555
13556
13557
13558
13559
13560
13561
13562
13563
13564
13565
13566
13567
13568
13569
13571
13572
13573
13575
13576
13577
13578
13579
13580
13581
13582
13584
13585
13588
13590
13591
13593
13594
13595
13596
13597
13598
13600
13601
13602
13603
13604
13605
13607
13608
13609
13610
13611
13612
13613
13615
13616
13617
13618
13622
13623
13624
13625
13626
13627
13628
13631
13632
13633
13634
13635
13636
13637
13638
13640
13641
13642
13643
13644
13645
13646
13648
13649
13650
13651
13652
13654
13655
13657
13658
13659
13660
13661
13662
13663
13664
13665
13668
13669
13671
13672
13673
13674
13675
13676
13677
13678
13679
13680
13683
13684
13685
13686
13687
13688
13689
13690
13691
13692
13694
13695
13697
13698
13699
13700
13701
13702
13703
13704
13706
13707
13708
13710
13711
13712
13713
13714
13716
13718
13719
13721
13722
13723
13724
13725
13726
13728
13729
13730
13731
13732
13733
13734
13735
13736
13737
13739
13740
13741
13742
13743
13744
13745
13746
13747
13748
13749
13751
