3
4
6
8
10
12
13
14
17
18
19
20
22
23
24
25
26
28
29
32
34
35
36
39
42
44
45
49
50
57
59
64
67
68
69
70
71
72
73
81
82
83
84
85
87
88
89
91
92
93
94
96
97
99
101
103
104
107
108
110
113
114
117
118
120
121
123
124
125
127
128
130
131
132
133
134
137
138
142
143
145
146
147
148
149
150
151
152
153
154
158
159
160
165
166
167
169
170
171
172
175
176
177
178
179
180
181
184
186
187
188
191
193
195
196
200
202
205
206
207
209
212
214
218
219
220
221
224
226
227
230
232
233
236
240
242
243
244
245
247
250
251
252
255
256
258
260
262
263
264
266
268
269
275
276
277
278
281
282
284
285
287
288
290
291
292
293
296
297
298
300
301
303
305
307
308
310
313
317
318
319
320
321
322
323
325
326
328
329
330
331
332
333
338
339
340
345
346
347
349
350
354
356
357
358
359
360
361
362
363
368
369
370
371
373
374
376
377
378
379
380
382
383
387
388
389
390
391
392
393
394
395
397
398
399
400
401
402
403
404
406
407
409
410
411
412
414
415
416
417
421
422
423
425
427
429
430
432
433
434
435
436
437
440
442
443
447
449
450
451
452
453
454
455
457
458
460
462
463
464
465
466
468
469
470
471
474
476
477
478
479
480
481
487
490
492
493
494
497
500
501
502
503
505
506
507
509
510
511
512
513
515
519
521
522
523
524
525
527
528
529
530
531
532
533
534
535
536
537
538
540
542
543
544
545
546
548
549
550
552
553
556
558
559
560
561
562
564
566
568
570
571
572
573
574
575
576
577
578
580
581
582
584
588
589
591
592
593
597
598
599
604
605
606
608
609
610
611
612
613
615
616
618
619
620
624
625
626
629
630
631
632
633
637
639
643
649
651
652
654
655
657
658
661
662
664
666
669
670
672
673
674
676
677
680
681
684
685
689
690
692
693
694
695
696
698
701
702
703
704
706
707
708
710
713
714
715
719
720
721
722
724
726
728
731
734
736
738
741
743
744
746
747
748
749
750
751
752
753
758
759
761
762
764
766
768
769
773
775
776
779
780
782
783
784
785
786
788
792
793
794
796
797
799
803
804
805
807
809
811
813
815
816
817
818
820
822
825
829
832
834
837
838
839
840
842
844
845
846
847
848
853
854
855
858
859
860
861
863
864
871
872
873
876
877
878
879
881
882
883
885
886
888
889
890
892
894
895
896
897
899
900
902
908
909
910
911
912
913
914
918
921
923
925
926
927
931
932
934
936
937
942
943
945
946
947
949
950
952
953
960
961
962
963
965
966
971
972
973
975
976
977
980
981
982
984
986
987
991
994
995
997
1000
1001
1002
1003
1005
1008
1011
1013
1014
1015
1016
1017
1019
1020
1022
1025
1026
1027
1028
1031
1033
1034
1036
1038
1041
1042
1044
1045
1046
1047
1048
1050
1051
1053
1054
1056
1059
1062
1066
1068
1070
1071
1072
1076
1077
1078
1083
1085
1086
1087
1088
1089
1091
1092
1093
1094
1096
1097
1098
1101
1102
1103
1104
1106
1109
1112
1113
1115
1116
1120
1123
1124
1125
1127
1131
1133
1135
1136
1138
1139
1140
1141
1143
1144
1146
1147
1149
1150
1152
1153
1154
1156
1159
1161
1162
1163
1164
1166
1167
1169
1170
1172
1174
1176
1177
1178
1182
1183
1185
1188
1191
1192
1194
1195
1197
1198
1201
1204
1206
1209
1212
1218
1219
1220
1223
1225
1227
1230
1231
1232
1234
1238
1239
1240
1243
1244
1245
1250
1252
1254
1255
1256
1257
1258
1259
1261
1262
1263
1264
1268
1270
1271
1273
1274
1277
1278
1281
1282
1283
1284
1285
1286
1287
1290
1292
1294
1295
1297
1299
1300
1303
1304
1305
1307
1308
1309
1310
1311
1312
1313
1314
1316
1317
1319
1320
1321
1323
1324
1325
1326
1327
1329
1331
1332
1335
1336
1337
1339
1340
1342
1343
1346
1347
1348
1351
1354
1356
1357
1360
1364
1367
1368
1370
1371
1372
1374
1376
1377
1378
1380
1381
1383
1384
1385
1389
1390
1391
1392
1393
1394
1395
1396
1397
1400
1401
1403
1404
1406
1407
1409
1415
1416
1418
1419
1420
1421
1424
1425
1427
1428
1429
1430
1432
1435
1441
1442
1443
1444
1445
1449
1450
1453
1454
1458
1459
1460
1462
1464
1465
1467
1471
1472
1474
1475
1478
1479
1480
1482
1483
1484
1486
1487
1489
1490
1496
1498
1499
1501
1503
1504
1506
1507
1509
1510
1511
1512
1513
1515
1517
1518
1519
1521
1523
1524
1525
1526
1527
1530
1531
1535
1536
1537
1538
1539
1540
1541
1545
1547
1551
1554
1555
1557
1558
1560
1563
1566
1567
1568
1570
1572
1576
1580
1583
1584
1588
1589
1590
1591
1592
1593
1595
1596
1597
1598
1599
1600
1601
1602
1609
1610
1611
1612
1615
1616
1617
1618
1619
1620
1621
1623
1624
1626
1628
1629
1633
1634
1635
1636
1637
1638
1640
1641
1644
1645
1648
1649
1651
1652
1653
1654
1655
1658
1662
1664
1669
1671
1672
1673
1676
1677
1679
1680
1681
1684
1688
1689
1690
1692
1694
1695
1696
1697
1698
1699
1702
1703
1704
1707
1708
1709
1710
1712
1713
1714
1715
1716
1717
1718
1719
1721
1722
1725
1726
1727
1729
1730
1733
1736
1737
1738
1739
1740
1743
1745
1746
1748
1749
1750
1751
1752
1754
1755
1756
1757
1758
1760
1762
1763
1764
1765
1766
1767
1769
1770
1771
1775
1776
1777
1781
1783
1784
1785
1786
1787
1788
1789
1792
1793
1794
1795
1798
1800
1804
1805
1807
1808
1809
1810
1811
1812
1814
1815
1816
1817
1818
1824
1825
1826
1828
1830
1831
1832
1834
1836
1837
1838
1839
1840
1841
1842
1843
1849
1851
1855
1857
1858
1860
1861
1862
1863
1865
1866
1867
1869
1872
1876
1878
1880
1881
1884
1885
1886
1887
1889
1890
1893
1894
1895
1896
1897
1900
1901
1902
1905
1906
1909
1911
1914
1915
1917
1918
1920
1921
1925
1928
1929
1930
1931
1932
1934
1938
1939
1942
1945
1946
1947
1948
1949
1951
1953
1957
1958
1961
1962
1965
1967
1968
1969
1972
1973
1975
1977
1978
1979
1981
1982
1985
1987
1990
1993
1995
1997
1999
2001
2006
2007
2009
2010
2011
2012
2013
2014
2015
2016
2017
2019
2020
2022
2024
2026
2027
2028
2029
2031
2034
2036
2037
2038
2040
2042
2043
2044
2046
2047
2048
2051
2054
2055
2056
2057
2058
2061
2064
2065
2069
2070
2074
2075
2076
2077
2078
2081
2082
2083
2086
2087
2089
2090
2091
2092
2093
2094
2095
2097
2098
2099
2100
2101
2102
2103
2104
2105
2106
2108
2110
2112
2113
2114
2116
2117
2119
2120
2121
2122
2123
2124
2125
2126
2127
2128
2129
2132
2134
2136
2137
2139
2140
2141
2143
2146
2149
2151
2153
2155
2156
2159
2161
2162
2165
2166
2167
2168
2169
2170
2171
2172
2176
2178
2180
2182
2183
2184
2186
2187
2188
2189
2190
2191
2192
2193
2196
2199
2200
2203
2204
2207
2209
2211
2212
2214
2215
2216
2217
2219
2221
2223
2224
2225
2226
2227
2228
2230
2232
2233
2234
2239
2240
2241
2242
2244
2245
2247
2248
2249
2250
2254
2255
2256
2259
2260
2261
2263
2267
2268
2271
2272
2273
2274
2275
2276
2277
2280
2281
2283
2284
2285
2286
2287
2291
2293
2294
2296
2297
2298
2301
2302
2304
2305
2309
2310
2311
2312
2315
2316
2317
2320
2321
2322
2326
2327
2329
2330
2336
2337
2340
2341
2343
2345
2347
2349
2350
2351
2352
2355
2356
2357
2358
2359
2362
2363
2365
2366
2368
2369
2370
2372
2373
2374
2375
2376
2377
2378
2380
2381
2382
2383
2385
2387
2388
2389
2392
2393
2394
2395
2400
2401
2402
2406
2411
2412
2416
2417
2418
2420
2421
2422
2425
2427
2429
2430
2432
2434
2435
2437
2438
2443
2444
2445
2449
2451
2452
2453
2454
2455
2456
2457
2458
2459
2460
2463
2464
2466
2467
2469
2470
2471
2476
2477
2479
2480
2483
2484
2486
2488
2489
2491
2494
2495
2496
2497
2499
2500
2503
2504
2505
2507
2508
2509
2510
2511
2515
2516
2517
2518
2519
2524
2526
2527
2528
2530
2531
2532
2533
2534
2537
2538
2539
2540
2542
2543
2544
2545
2547
2548
2550
2551
2553
2554
2555
2556
2557
2559
2561
2563
2565
2568
2569
2570
2571
2572
2573
2575
2577
2578
2579
2581
2583
2585
2586
2587
2588
2589
2590
2591
2594
2595
2596
2603
2604
2605
2606
2607
2608
2610
2614
2616
2617
2618
2624
2627
2629
2631
2632
2633
2634
2635
2636
2639
2641
2642
2644
2645
2646
2647
2649
2650
2651
2654
2655
2656
2658
2659
2660
2661
2662
2664
2665
2666
2667
2669
2670
2671
2672
2673
2676
2678
2681
2682
2683
2684
2685
2689
2690
2691
2692
2693
2696
2697
2698
2699
2701
2702
2703
2704
2705
2707
2710
2711
2715
2716
2718
2720
2723
2724
2725
2727
2728
2729
2732
2734
2735
2737
2738
2739
2740
2741
2743
2744
2746
2747
2748
2749
2751
2753
2754
2756
2757
2759
2761
2763
2765
2767
2768
2769
2770
2771
2772
2773
2774
2775
2776
2779
2780
2781
2782
2783
2784
2785
2786
2787
2789
2790
2791
2794
2795
2796
2797
2801
2802
2804
2807
2808
2810
2811
2812
2813
2814
2816
2818
2819
2821
2822
2824
2825
2826
2829
2831
2832
2833
2834
2835
2836
2837
2840
2842
2843
2844
2845
2847
2849
2850
2851
2852
2853
2855
2856
2858
2860
2862
2864
2868
2869
2870
2871
2872
2875
2876
2877
2878
2881
2882
2884
2885
2886
2888
2889
2890
2891
2892
2895
2897
2900
2906
2907
2908
2909
2910
2913
2917
2918
2919
2920
2921
2924
2926
2931
2933
2934
2935
2936
2938
2940
2941
2942
2943
2944
2946
2947
2948
2949
2950
2951
2953
2954
2958
2960
2964
2965
2966
2967
2968
2969
2971
2973
2974
2975
2976
2977
2979
2980
2981
2984
2985
2988
2989
2990
2992
2994
2995
2996
2997
2999
3001
3003
3007
3011
3012
3013
3014
3015
3016
3019
3021
3022
3024
3025
3028
3029
3030
3032
3033
3034
3035
3037
3039
3043
3044
3045
3046
3047
3048
3053
3054
3055
3056
3057
3058
3062
3064
3065
3066
3068
3069
3070
3074
3076
3077
3078
3079
3080
3082
3083
3086
3088
3090
3091
3092
3093
3095
3099
3100
3102
3104
3105
3106
3107
3108
3111
3112
3113
3114
3118
3119
3120
3122
3123
3124
3125
3126
3128
3131
3132
3133
3134
3136
3139
3140
3142
3143
3144
3146
3149
3150
3151
3152
3153
3154
3156
3157
3159
3160
3161
3162
3164
3165
3166
3167
3168
3169
3170
3172
3173
3174
3175
3177
3179
3180
3181
3182
3183
3190
3191
3194
3195
3196
3197
3200
3202
3203
3204
3205
3206
3209
3210
3211
3212
3214
3216
3219
3220
3221
3223
3225
3226
3227
3228
3229
3230
3232
3234
3237
3239
3240
3241
3242
3243
3244
3245
3246
3248
3249
3250
3251
3253
3254
3255
3256
3260
3261
3262
3263
3264
3265
3266
3268
3269
3270
3271
3273
3274
3275
3276
3277
3278
3279
3280
3281
3283
3284
3285
3287
3291
3293
3294
3295
3298
3299
3300
3302
3305
3306
3307
3308
3309
3310
3311
3312
3315
3316
3318
3319
3320
3325
3326
3327
3328
3329
3330
3331
3332
3333
3336
3338
3339
3340
3343
3345
3350
3351
3352
3353
3355
3356
3358
3360
3363
3365
3370
3372
3376
3377
3379
3380
3383
3385
3386
3387
3389
3391
3393
3394
3395
3396
3398
3400
3401
3402
3407
3409
3410
3411
3415
3416
3418
3420
3421
3423
3424
3425
3428
3430
3432
3433
3434
3435
3436
3438
3439
3443
3444
3445
3446
3447
3449
3450
3452
3453
3455
3457
3460
3462
3466
3468
3469
3470
3471
3473
3474
3476
3477
3478
3479
3480
3481
3482
3483
3485
3490
3491
3496
3498
3499
3503
3504
3505
3506
3507
3511
3512
3513
3515
3516
3518
3519
3521
3522
3523
3531
3532
3533
3534
3536
3537
3539
3541
3543
3544
3545
3547
3548
3550
3553
3555
3558
3559
3561
3562
3563
3564
3565
3567
3569
3570
3571
3573
3574
3575
3576
3577
3580
3582
3583
3584
3585
3586
3587
3588
3589
3590
3591
3592
3594
3595
3596
3599
3600
3603
3605
3606
3608
3609
3611
3613
3614
3615
3616
3617
3618
3620
3621
3625
3626
3628
3633
3635
3636
3637
3639
3640
3641
3642
3644
3645
3647
3649
3651
3653
3655
3657
3658
3659
3660
3662
3670
3672
3673
3675
3678
3681
3682
3683
3684
3685
3686
3688
3689
3691
3692
3693
3694
3695
3696
3699
3700
3701
3702
3706
3707
3708
3709
3710
3713
3714
3715
3718
3719
3720
3725
3727
3729
3730
3731
3733
3737
3738
3741
3742
3746
3750
3752
3753
3755
3757
3758
3760
3761
3762
3765
3767
3768
3770
3771
3773
3774
3775
3778
3780
3781
3783
3784
3785
3786
3788
3789
3790
3791
3792
3793
3795
3800
3801
3802
3805
3807
3809
3810
3811
3813
3815
3816
3817
3819
3824
3826
3828
3829
3832
3833
3834
3835
3840
3841
3843
3844
3846
3847
3848
3849
3850
3851
3853
3854
3855
3856
3857
3858
3860
3861
3863
3864
3866
3867
3869
3871
3872
3878
3880
3881
3882
3883
3889
3890
3894
3895
3896
3897
3898
3899
3900
3901
3905
3906
3907
3909
3910
3914
3915
3916
3917
3918
3919
3920
3921
3922
3923
3925
3926
3927
3931
3932
3933
3937
3939
3940
3941
3945
3946
3947
3952
3953
3954
3958
3959
3961
3962
3964
3966
3968
3970
3971
3976
3985
3988
3989
3992
3993
3996
3997
4000
4001
4004
4005
4007
4009
4011
4012
4015
4020
4021
4023
4024
4025
4026
4027
4028
4030
4031
4032
4033
4034
4035
4037
4038
4040
4042
4045
4046
4047
4049
4050
4052
4053
4059
4063
4065
4066
4068
4070
4071
4072
4074
4075
4076
4077
4078
4079
4086
4090
4091
4092
4094
4096
4098
4099
4100
4101
4102
4104
4105
4106
4107
4111
4114
4115
4116
4117
4118
4120
4121
4123
4124
4125
4126
4127
4128
4130
4132
4135
4136
4138
4139
4140
4142
4143
4145
4146
4147
4150
4152
4153
4154
4158
4159
4160
4161
4162
4164
4165
4166
4169
4170
4174
4178
4179
4181
4183
4184
4187
4189
4190
4193
4197
4198
4199
4200
4201
4203
4204
4205
4206
4208
4209
4210
4211
4212
4214
4216
4217
4218
4219
4220
4222
4226
4227
4228
4229
4230
4232
4235
4236
4237
4240
4241
4242
4246
4247
4249
4252
4253
4254
4255
4256
4257
4258
4259
4260
4262
4263
4264
4265
4267
4268
4269
4271
4272
4273
4275
4277
4278
4279
4280
4281
4282
4283
4284
4286
4287
4288
4290
4291
4292
4294
4295
4298
4301
4302
4303
4306
4307
4308
4309
4312
4315
4318
4319
4320
4324
4325
4326
4328
4329
4330
4331
4332
4338
4340
4342
4343
4344
4346
4347
4348
4351
4352
4353
4354
4355
4356
4358
4360
4363
4365
4369
4373
4374
4375
4380
4382
4383
4384
4388
4390
4391
4393
4397
4399
4400
4401
4403
4405
4406
4410
4412
4416
4417
4419
4420
4421
4422
4425
4427
4429
4430
4432
4433
4435
4437
4438
4439
4440
4443
4445
4446
4447
4448
4449
4450
4453
4456
4457
4458
4459
4460
4461
4464
4466
4468
4469
4470
4472
4475
4476
4477
4478
4480
4481
4482
4484
4485
4486
4487
4491
4493
4495
4498
4499
4501
4502
4504
4509
4511
4515
4516
4517
4519
4521
4523
4526
4527
4528
4529
4533
4535
4536
4538
4539
4540
4541
4542
4543
4545
4547
4549
4551
4552
4554
4558
4561
4563
4564
4565
4566
4568
4569
4570
4572
4573
4574
4575
4576
4577
4578
4579
4581
4582
4583
4584
4587
4589
4590
4591
4595
4596
4598
4599
4601
4602
4603
4604
4606
4608
4610
4611
4612
4614
4615
4616
4618
4619
4620
4622
4625
4627
4628
4630
4631
4632
4636
4637
4642
4643
4644
4645
4648
4649
4651
4652
4653
4654
4655
4656
4657
4658
4659
4660
4661
4662
4663
4664
4665
4666
4667
4668
4670
4671
4672
4674
4675
4676
4677
4678
4679
4680
4681
4685
4687
4689
4690
4692
4695
4696
4699
4700
4703
4704
4705
4708
4709
4712
4713
4716
4717
4719
4722
4723
4726
4728
4729
4730
4731
4733
4737
4738
4740
4741
4742
4743
4744
4745
4746
4747
4748
4750
4752
4758
4760
4762
4763
4764
4765
4766
4767
4768
4770
4771
4772
4773
4774
4776
4778
4781
4782
4783
4786
4787
4789
4790
4791
4792
4793
4797
4798
4804
4805
4808
4809
4811
4812
4813
4815
4816
4819
4820
4821
4822
4823
4824
4825
4826
4828
4829
4830
4831
4832
4837
4840
4841
4842
4845
4846
4847
4849
4850
4853
4854
4855
4856
4857
4858
4860
4863
4865
4867
4868
4870
4875
4876
4877
4879
4880
4881
4885
4888
4891
4893
4894
4896
4897
4899
4901
4902
4903
4905
4906
4907
4908
4909
4910
4911
4913
4915
4919
4921
4922
4924
4925
4927
4928
4929
4930
4931
4933
4934
4935
4937
4939
4941
4942
4944
4945
4946
4947
4949
4951
4955
4957
4958
4963
4966
4967
4968
4972
4973
4974
4976
4977
4978
4979
4980
4982
4984
4985
4986
4988
4989
4991
4992
4994
4995
4998
5001
5002
5004
5006
5007
5008
5010
5012
5015
5017
5024
5027
5031
5032
5034
5035
5037
5038
5040
5041
5042
5043
5048
5050
5051
5052
5053
5055
5059
5060
5062
5064
5066
5067
5068
5069
5070
5071
5072
5073
5075
5076
5080
5081
5082
5083
5084
5086
5087
5089
5090
5092
5093
5094
5095
5098
5099
5100
5102
5103
5104
5105
5106
5108
5110
5112
5113
5114
5115
5118
5120
5121
5123
5125
5126
5127
5130
5133
5138
5142
5143
5144
5145
5146
5147
5148
5150
5152
5153
5155
5157
5159
5160
5163
5164
5166
5168
5169
5171
5172
5173
5175
5177
5178
5180
5184
5186
5187
5188
5189
5190
5191
5195
5196
5198
5199
5200
5201
5203
5206
5208
5209
5211
5212
5214
5215
5216
5219
5221
5222
5223
5224
5225
5226
5227
5229
5230
5233
5234
5236
5237
5241
5244
5245
5247
5248
5251
5253
5254
5255
5258
5260
5264
5265
5267
5269
5270
5272
5273
5276
5278
5282
5283
5284
5285
5286
5287
5288
5289
5290
5291
5292
5293
5294
5295
5296
5297
5300
5301
5303
5306
5307
5312
5315
5316
5317
5318
5319
5321
5322
5323
5325
5326
5327
5328
5331
5336
5337
5339
5340
5341
5343
5345
5346
5349
5350
5351
5355
5356
5357
5358
5359
5360
5363
5364
5365
5366
5367
5368
5369
5371
5372
5373
5376
5380
5381
5382
5383
5385
5389
5390
5391
5393
5395
5397
5399
5403
5404
5405
5408
5409
5413
5415
5416
5417
5418
5419
5420
5424
5425
5426
5427
5430
5433
5434
5435
5436
5437
5438
5439
5440
5441
5442
5443
5444
5446
5449
5450
5452
5454
5455
5456
5458
5460
5462
5463
5465
5467
5471
5473
5474
5475
5477
5479
5481
5484
5485
5486
5487
5488
5491
5492
5493
5494
5495
5496
5497
5498
5501
5502
5503
5505
5507
5508
5510
5511
5512
5513
5514
5515
5516
5517
5518
5519
5522
5523
5524
5525
5526
5529
5534
5535
5537
5540
5541
5546
5553
5555
5556
5557
5561
5564
5565
5567
5572
5574
5575
5576
5578
5579
5580
5582
5583
5585
5586
5588
5589
5590
5591
5593
5594
5595
5597
5598
5599
5600
5603
5604
5606
5607
5609
5616
5617
5619
5620
5622
5623
5625
5626
5628
5629
5630
5631
5632
5633
5635
5636
5640
5644
5646
5651
5652
5653
5654
5655
5656
5657
5660
5662
5663
5664
5665
5666
5667
5669
5670
5673
5674
5678
5680
5681
5683
5684
5685
5687
5689
5690
5693
5695
5697
5698
5699
5700
5701
5702
5704
5705
5706
5707
5710
5713
5716
5718
5719
5722
5725
5727
5729
5730
5732
5733
5734
5736
5737
5739
5740
5741
5743
5744
5745
5747
5748
5749
5750
5751
5754
5755
5756
5759
5760
5763
5765
5766
5770
5771
5773
5774
5780
5781
5782
5784
5785
5786
5787
5788
5791
5792
5793
5794
5796
5797
5798
5799
5800
5801
5802
5803
5807
5808
5809
5810
5812
5816
5817
5819
5820
5822
5823
5825
5826
5827
5828
5829
5834
5835
5836
5838
5840
5842
5844
5845
5846
5849
5851
5855
5856
5859
5861
5862
5866
5867
5868
5870
5871
5872
5873
5874
5875
5877
5880
5881
5882
5885
5893
5894
5897
5899
5901
5903
5907
5909
5910
5912
5913
5916
5919
5920
5921
5922
5924
5925
5927
5928
5930
5933
5934
5935
5936
5941
5942
5946
5948
5949
5950
5951
5953
5960
5961
5963
5964
5965
5966
5967
5968
5970
5971
5972
5974
5976
5977
5980
5985
5986
5987
5988
5989
5990
5991
5992
5993
5995
5997
5998
6002
6003
6004
6005
6006
6007
6008
6009
6010
6012
6016
6018
6019
6020
6021
6023
6024
6026
6027
6028
6029
6030
6031
6032
6033
6035
6038
6039
6040
6041
6042
6044
6045
6046
6048
6051
6052
6053
6055
6057
6059
6060
6061
6063
6065
6069
6070
6072
6075
6077
6078
6079
6085
6086
6088
6089
6090
6092
6093
6094
6095
6096
6097
6098
6101
6103
6104
6105
6106
6107
6108
6109
6112
6116
6117
6119
6122
6125
6127
6128
6130
6133
6137
6138
6139
6141
6142
6143
6145
6147
6148
6151
6154
6158
6160
6161
6162
6163
6164
6165
6166
6167
6168
6170
6173
6175
6176
6177
6180
6181
6182
6183
6186
6187
6188
6191
6192
6193
6194
6195
6197
6202
6203
6204
6205
6209
6211
6212
6213
6214
6215
6216
6217
6221
6222
6223
6229
6230
6231
6232
6233
6239
6240
6241
6243
6244
6248
6250
6252
6253
6256
6257
6258
6259
6260
6261
6262
6263
6264
6265
6266
6268
6271
6274
6278
6279
6281
6282
6284
6285
6286
6287
6288
6290
6291
6293
6295
6296
6298
6299
6300
6302
6305
6308
6312
6313
6314
6315
6316
6318
6319
6321
6322
6323
6324
6325
6326
6328
6331
6332
6333
6334
6336
6337
6338
6339
6341
6344
6345
6348
6349
6350
6351
6353
6355
6356
6357
6358
6359
6362
6365
6366
6367
6368
6369
6370
6371
6372
6373
6374
6376
6380
6381
6383
6384
6385
6387
6388
6393
6394
6398
6401
6402
6403
6406
6407
6408
6412
6413
6417
6419
6421
6422
6423
6425
6426
6427
6428
6429
6430
6431
6433
6435
6436
6437
6438
6439
6441
6442
6443
6445
6446
6449
6453
6454
6455
6456
6458
6460
6461
6465
6466
6467
6468
6469
6471
6472
6473
6476
6477
6479
6481
6483
6484
6490
6492
6494
6495
6496
6497
6498
6501
6502
6503
6506
6508
6511
6512
6514
6515
6518
6519
6525
6526
6530
6531
6533
6534
6538
6541
6542
6543
6545
6546
6553
6554
6556
6558
6560
6561
6565
6566
6568
6569
6570
6573
6575
6576
6578
6580
6583
6584
6585
6590
6591
6593
6594
6596
6598
6600
6601
6603
6606
6608
6609
6611
6613
6614
6615
6620
6621
6625
6626
6628
6632
6633
6636
6637
6638
6639
6641
6642
6643
6645
6646
6647
6650
6652
6653
6656
6658
6664
6667
6668
6669
6670
6672
6673
6675
6677
6678
6679
6682
6683
6687
6688
6689
6690
6693
6694
6699
6701
6703
6705
6708
6715
6716
6718
6719
6720
6721
6722
6723
6724
6725
6726
6727
6728
6729
6730
6732
6733
6735
6736
6737
6739
6740
6742
6743
6744
6746
6750
6751
6754
6756
6760
6761
6764
6765
6766
6767
6768
6769
6770
6772
6773
6774
6775
6776
6777
6779
6782
6784
6785
6786
6788
6789
6790
6793
6794
6796
6798
6800
6801
6802
6804
6805
6806
6807
6808
6812
6813
6814
6815
6816
6817
6818
6821
6825
6827
6829
6832
6833
6834
6836
6837
6839
6841
6842
6843
6846
6847
6849
6850
6853
6854
6855
6857
6858
6860
6862
6863
6866
6867
6869
6870
6871
6873
6875
6881
6883
6884
6886
6887
6889
6890
6892
6893
6895
6897
6898
6900
6901
6904
6907
6908
6909
6910
6912
6913
6916
6917
6918
6919
6921
6926
6927
6928
6929
6930
6932
6935
6937
6938
6939
6940
6941
6942
6943
6944
6947
6948
6949
6950
6952
6953
6954
6955
6956
6958
6960
6961
6964
6968
6969
6970
6973
6975
6976
6978
6979
6980
6981
6982
6983
6987
6988
6989
6991
6993
6995
6996
6997
6998
7003
7004
7005
7006
7007
7008
7010
7011
7013
7015
7016
7019
7020
7022
7023
7024
7025
7033
7034
7036
7037
7039
7042
7044
7046
7047
7050
7051
7052
7057
7058
7059
7061
7062
7065
7067
7069
7070
7072
7074
7075
7076
7077
7078
7079
7083
7085
7086
7090
7092
7094
7096
7097
7100
7101
7102
7103
7104
7105
7106
7107
7108
7109
7111
7113
7114
7115
7116
7117
7118
7122
7124
7125
7129
7131
7132
7133
7134
7135
7136
7138
7139
7141
7142
7143
7145
7146
7147
7148
7149
7150
7151
7152
7153
7155
7158
7160
7161
7162
7163
7164
7169
7170
7171
7174
7175
7178
7180
7186
7188
7189
7190
7192
7193
7194
7195
7197
7198
7199
7200
7201
7202
7203
7206
7207
7210
7211
7213
7214
7215
7217
7221
7222
7227
7228
7231
7232
7233
7234
7235
7236
7237
7238
7239
7241
7242
7243
7244
7246
7247
7248
7249
7251
7252
7258
7259
7260
7262
7263
7266
7267
7268
7269
7271
7273
7274
7277
7279
7281
7282
7284
7289
7290
7291
7293
7294
7295
7296
7298
7299
7302
7303
7304
7305
7306
7307
7308
7310
7311
7312
7313
7314
7316
7317
7320
7323
7324
7325
7326
7327
7328
7331
7334
7336
7337
7339
7340
7341
7342
7343
7345
7346
7348
7350
7351
7353
7355
7357
7358
7361
7363
7364
7366
7368
7370
7371
7374
7375
7376
7378
7382
7385
7387
7388
7390
7391
7393
7395
7396
7397
7399
7400
7404
7405
7406
7407
7408
7409
7410
7412
7413
7415
7417
7419
7420
7422
7423
7424
7425
7426
7428
7430
7431
7433
7434
7435
7437
7440
7442
7443
7444
7445
7447
7448
7451
7452
7453
7454
7456
7460
7463
7464
7466
7468
7470
7471
7473
7476
7477
7479
7481
7482
7483
7485
7486
7487
7489
7490
7491
7492
7493
7494
7496
7498
7500
7501
7503
7505
7508
7509
7511
7515
7516
7517
7518
7519
7520
7522
7525
7529
7530
7534
7535
7536
7537
7539
7540
7541
7542
7544
7545
7546
7547
7548
7550
7552
7553
7554
7555
7557
7558
7562
7563
7564
7565
7566
7567
7568
7569
7570
7572
7573
7576
7578
7580
7582
7583
7584
7585
7587
7589
7590
7591
7592
7593
7594
7595
7596
7599
7601
7602
7603
7604
7605
7608
7610
7611
7612
7613
7615
7616
7618
7619
7621
7622
7623
7624
7625
7626
7627
7628
7630
7631
7632
7633
7634
7638
7639
7640
7641
7642
7644
7645
7647
7648
7655
7656
7657
7659
7661
7665
7669
7670
7671
7674
7677
7678
7679
7681
7683
7684
7685
7686
7688
7689
7690
7691
7694
7696
7698
7699
7700
7701
7702
7706
7708
7709
7715
7717
7719
7721
7722
7723
7725
7726
7727
7728
7729
7730
7731
7732
7734
7736
7740
7743
7745
7746
7749
7751
7752
7754
7756
7760
7761
7763
7765
7766
7768
7769
7771
7772
7773
7775
7777
7778
7779
7780
7782
7783
7786
7787
7788
7790
7792
7794
7795
7796
7797
7798
7799
7801
7802
7803
7804
7806
7807
7808
7812
7813
7814
7815
7816
7819
7820
7821
7822
7825
7826
7827
7828
7829
7831
7832
7833
7834
7835
7837
7838
7840
7841
7842
7843
7847
7848
7851
7852
7853
7854
7855
7859
7861
7862
7866
7867
7870
7872
7873
7874
7875
7878
7879
7881
7883
7884
7885
7886
7887
7893
7895
7896
7898
7900
7902
7903
7904
7905
7906
7908
7910
7911
7912
7914
7915
7917
7918
7919
7922
7923
7927
7928
7930
7934
7935
7937
7938
7939
7942
7944
7945
7947
7951
7952
7954
7955
7956
7957
7958
7961
7962
7964
7965
7966
7967
7968
7971
7974
7976
7977
7978
7980
7983
7985
7986
7987
7988
7990
7993
7994
7995
7996
7997
7998
7999
8000
8001
8002
8003
8005
8007
8008
8010
8012
8014
8015
8016
8017
8021
8024
8025
8026
8027
8028
8030
8031
8033
8034
8036
8037
8038
8039
8042
8043
8044
8045
8047
8049
8050
8051
8052
8053
8054
8055
8057
8058
8060
8064
8065
8069
8071
8072
8074
8076
8078
8079
8080
8081
8083
8085
8086
8087
8089
8090
8091
8092
8093
8094
8095
8098
8099
8101
8102
8103
8107
8108
8111
8112
8113
8115
8116
8120
8121
8122
8125
8127
8128
8130
8131
8132
8133
8134
8136
8138
8141
8143
8144
8146
8147
8149
8151
8155
8157
8159
8162
8164
8169
8170
8172
8173
8174
8176
8184
8187
8188
8189
8191
8192
8195
8196
8197
8199
8200
8201
8202
8203
8204
8205
8206
8207
8208
8209
8211
8212
8214
8217
8218
8219
8221
8224
8225
8232
8233
8234
8239
8242
8244
8246
8248
8253
8254
8256
8258
8259
8261
8263
8265
8266
8268
8270
8271
8273
8275
8276
8277
8278
8282
8283
8284
8285
8286
8288
8289
8290
8292
8296
8297
8298
8299
8303
8304
8306
8307
8310
8312
8313
8314
8317
8318
8320
8323
8324
8325
8326
8327
8328
8330
8331
8332
8334
8335
8336
8338
8339
8340
8341
8345
8346
8351
8353
8355
8356
8359
8360
8361
8362
8364
8365
8366
8367
8369
8371
8372
8373
8377
8378
8379
8381
8382
8383
8384
8386
8387
8388
8390
8391
8395
8396
8398
8399
8400
8401
8402
8403
8404
8405
8406
8408
8409
8410
8411
8412
8413
8420
8423
8424
8425
8428
8429
8430
8431
8432
8435
8437
8438
8439
8441
8442
8444
8445
8446
8447
8449
8450
8451
8454
8455
8456
8457
8458
8459
8460
8461
8462
8463
8464
8467
8470
8471
8472
8478
8480
8481
8482
8483
8486
8487
8488
8489
8491
8492
8493
8494
8499
8500
8502
8503
8504
8507
8510
8512
8517
8519
8520
8521
8522
8524
8525
8526
8527
8530
8533
8534
8535
8536
8537
8539
8541
8543
8545
8546
8547
8548
8549
8550
8551
8552
8553
8556
8557
8561
8564
8566
8567
8568
8571
8572
8573
8574
8575
8576
8577
8578
8579
8580
8581
8583
8585
8586
8587
8588
8591
8592
8593
8596
8597
8598
8599
8602
8603
8604
8605
8607
8608
8611
8612
8614
8617
8618
8619
8623
8624
8625
8626
8627
8628
8629
8630
8631
8633
8634
8635
8637
8639
8641
8644
8645
8648
8649
8651
8652
8654
8659
8660
8664
8665
8668
8670
8671
8672
8674
8675
8676
8678
8679
8680
8682
8684
8685
8686
8688
8693
8694
8695
8696
8697
8699
8701
8706
8711
8715
8717
8718
8720
8721
8722
8723
8725
8726
8727
8728
8729
8730
8733
8734
8735
8736
8737
8738
8740
8741
8743
8745
8746
8749
8751
8754
8755
8760
8761
8762
8764
8765
8766
8767
8770
8771
8774
8775
8776
8778
8779
8780
8782
8784
8785
8786
8787
8791
8794
8795
8799
8801
8802
8803
8804
8808
8809
8812
8813
8814
8816
8818
8821
8822
8823
8824
8826
8830
8831
8832
8835
8837
8838
8841
8843
8846
8847
8848
8850
8851
8852
8855
8856
8857
8858
8860
8861
8866
8867
8869
8870
8871
8874
8875
8876
8878
8879
8880
8881
8882
8883
8884
8885
8886
8888
8890
8892
8894
8895
8897
8899
8900
8901
8903
8904
8906
8907
8909
8910
8912
8913
8914
8915
8917
8919
8921
8922
8923
8925
8927
8928
8930
8933
8934
8936
8937
8938
8939
8940
8941
8943
8945
8949
8950
8951
8955
8959
8960
8961
8962
8964
8966
8969
8970
8971
8972
8973
8974
8975
8976
8978
8979
8981
8982
8984
8985
8987
8988
8989
8992
8994
8995
8996
8997
8998
8999
9001
9002
9003
9005
9008
9011
9012
9013
9015
9017
9018
9019
9020
9021
9022
9026
9027
9030
9031
9032
9034
9035
9037
9038
9040
9042
9043
9044
9045
9047
9048
9049
9051
9058
9059
9060
9061
9064
9065
9067
9068
9069
9070
9072
9073
9074
9075
9077
9078
9079
9080
9081
9082
9084
9085
9086
9087
9088
9089
9091
9092
9093
9094
9097
9098
9099
9100
9101
9102
9104
9105
9106
9107
9108
9112
9113
9114
9116
9117
9118
9121
9123
9124
9127
9128
9131
9133
9134
9136
9139
9140
9141
9143
9146
9148
9149
9150
9151
9152
9154
9155
9157
9159
9160
9161
9162
9168
9170
9171
9172
9174
9175
9176
9177
9179
9180
9181
9182
9184
9186
9187
9190
9195
9196
9199
9200
9201
9202
9203
9204
9205
9206
9208
9210
9212
9213
9217
9218
9219
9221
9222
9223
9224
9225
9229
9231
9232
9233
9234
9235
9237
9245
9249
9251
9252
9253
9257
9258
9263
9264
9265
9267
9268
9269
9270
9273
9274
9276
9278
9279
9281
9282
9283
9285
9286
9289
9291
9292
9293
9294
9297
9298
9299
9300
9301
9304
9306
9307
9309
9310
9311
9314
9315
9317
9318
9319
9321
9323
9325
9326
9327
9330
9331
9332
9333
9336
9338
9340
9341
9342
9343
9344
9345
9346
9347
9350
9351
9355
9357
9359
9361
9362
9364
9365
9367
9369
9370
9371
9374
9376
9377
9379
9380
9381
9382
9383
9385
9386
9387
9388
9389
9391
9392
9393
9394
9397
9398
9399
9400
9403
9408
9409
9414
9415
9417
9419
9421
9426
9427
9428
9429
9434
9435
9437
9438
9439
9441
9444
9445
9446
9447
9449
9450
9454
9455
9456
9459
9460
9461
9462
9463
9464
9467
9468
9469
9471
9472
9473
9475
9478
9479
9481
9482
9484
9485
9486
9490
9494
9495
9496
9498
9500
9501
9502
9503
9504
9505
9508
9509
9510
9511
9512
9514
9516
9518
9519
9520
9522
9523
9525
9531
9533
9537
9539
9540
9541
9542
9544
9545
9546
9547
9549
9550
9551
9552
9555
9556
9561
9563
9565
9566
9567
9570
9571
9572
9573
9576
9580
9581
9582
9583
9584
9586
9587
9589
9590
9592
9596
9597
9598
9600
9601
9604
9605
9606
9610
9612
9615
9616
9617
9618
9623
9625
9626
9628
9631
9633
9634
9637
9640
9641
9643
9645
9646
9647
9648
9649
9650
9651
9653
9660
9662
9663
9664
9668
9669
9670
9675
9676
9677
9678
9679
9680
9683
9686
9687
9688
9689
9690
9691
9692
9693
9694
9695
9696
9698
9699
9700
9701
9702
9705
9706
9707
9708
9709
9712
9714
9716
9717
9718
9723
9724
9725
9726
9727
9728
9729
9731
9733
9734
9736
9738
9739
9740
9741
9742
9744
9749
9750
9751
9752
9753
9754
9755
9756
9757
9758
9760
9762
9763
9764
9765
9766
9767
9768
9769
9770
9776
9777
9778
9780
9781
9782
9784
9790
9791
9792
9793
9796
9797
9798
9799
9804
9805
9808
9810
9811
9816
9819
9820
9821
9823
9824
9825
9826
9827
9831
9834
9835
9836
9837
9838
9841
9843
9844
9845
9849
9850
9851
9852
9857
9859
9860
9861
9862
9864
9867
9868
9869
9871
9873
9874
9877
9878
9879
9880
9882
9883
9884
9885
9889
9891
9892
9894
9895
9896
9897
9899
9901
9902
9903
9908
9910
9912
9913
9914
9915
9916
9917
9918
9919
9920
9922
9925
9929
9930
9932
9933
9934
9935
9936
9938
9939
9941
9942
9943
9944
9945
9946
9947
9950
9951
9953
9955
9956
9957
9958
9961
9962
9963
9965
9966
9967
9970
9976
9977
9980
9981
9982
9983
9984
9985
9988
9990
9991
9995
9996
9997
9999
10000
10003
10004
10005
10006
10007
10009
10010
10011
10013
10015
10016
10018
10021
10022
10023
10025
10026
10028
10029
10030
10031
10035
10038
10040
10041
10043
10046
10052
10053
10054
10056
10058
10061
10064
10065
10067
10069
10073
10076
10078
10079
10080
10082
10083
10084
10085
10088
10089
10091
10092
10093
10095
10096
10098
10099
10101
10102
10103
10104
10105
10107
10108
10109
10110
10111
10113
10114
10121
10123
10125
10126
10127
10128
10130
10131
10132
10133
10134
10135
10136
10137
10138
10140
10142
10143
10144
10145
10147
10148
10149
10150
10151
10152
10153
10154
10156
10157
10159
10161
10162
10163
10164
10166
10167
10169
10170
10171
10172
10173
10175
10177
10178
10180
10181
10182
10183
10184
10185
10186
10187
10188
10190
10191
10192
10193
10197
10200
10201
10202
10203
10204
10205
10206
10207
10209
10210
10211
10214
10216
10218
10220
10223
10224
10225
10227
10228
10229
10230
10231
10233
10234
10235
10237
10238
10239
10240
10241
10243
10244
10245
10246
10247
10248
10252
10254
10256
10257
10258
10264
10265
10267
10268
10269
10270
10271
10272
10274
10276
10280
10282
10283
10285
10287
10289
10290
10291
10292
10293
10294
10295
10296
10297
10298
10299
10301
10302
10304
10305
10306
10307
10310
10311
10312
10313
10314
10315
10316
10317
10318
10320
10321
10322
10325
10327
10330
10332
10335
10336
10338
10339
10340
10341
10342
10343
10345
10346
10349
10351
10352
10354
10355
10357
10358
10360
10362
10365
10366
10367
10368
10369
10371
10372
10375
10376
10377
10378
10379
10381
10382
10383
10384
10385
10390
10391
10393
10395
10396
10397
10398
10400
10401
10402
10403
10405
10410
10411
10412
10413
10414
10416
10417
10420
10422
10423
10425
10426
10431
10433
10436
10438
10439
10440
10442
10443
10445
10449
10450
10451
10452
10454
10455
10456
10457
10458
10461
10462
10463
10464
10469
10470
10476
10477
10479
10481
10483
10484
10485
10487
10488
10489
10491
10492
10493
10496
10497
10498
10499
10500
10501
10502
10504
10505
10507
10509
10510
10511
10513
10515
10516
10518
10519
10526
10527
10529
10530
10532
10536
10537
10539
10540
10543
10547
10549
10550
10553
10554
10555
10556
10557
10559
10560
10562
10564
10565
10566
10567
10568
10569
10571
10572
10573
10574
10575
10577
10580
10581
10583
10585
10586
10588
10590
10592
10593
10594
10595
10596
10599
10600
10601
10602
10604
10607
10608
10609
10611
10612
10614
10616
10617
10619
10620
10622
10625
10628
10629
10632
10639
10641
10642
10643
10644
10652
10655
10656
10657
10662
10663
10664
10665
10666
10667
10668
10669
10670
10671
10673
10674
10676
10677
10678
10679
10680
10681
10682
10683
10684
10686
10689
10691
10692
10693
10694
10696
10697
10700
10701
10703
10704
10705
10706
10708
10710
10711
10712
10713
10715
10716
10717
10718
10719
10720
10721
10722
10724
10726
10729
10730
10732
10733
10734
10735
10736
10737
10740
10741
10742
10743
10744
10746
10747
10749
10751
10752
10753
10754
10759
10760
10764
10765
10766
10768
10769
10770
10771
10772
10773
10774
10775
10776
10777
10778
10780
10783
10785
10787
10788
10789
10790
10791
10792
10793
10796
10797
10799
10800
10802
10804
10805
10806
10807
10808
10809
10810
10812
10813
10814
10815
10816
10818
10819
10821
10822
10824
10826
10827
10828
10829
10830
10831
10832
10833
10835
10836
10837
10840
10841
10847
10848
10849
10850
10851
10852
10853
10854
10855
10856
10857
10858
10860
10861
10865
10866
10867
10868
10869
10871
10872
10874
10875
10876
10877
10878
10880
10884
10885
10887
10888
10889
10890
10891
10892
10894
10895
10897
10899
10902
10904
10906
10907
10909
10910
10911
10912
10915
10919
10925
10926
10928
10931
10933
10934
10935
10936
10937
10938
10941
10944
10945
10946
10947
10949
10950
10952
10953
10954
10955
10957
10958
10960
10961
10963
10964
10965
10966
10967
10970
10973
10974
10976
10977
10978
10980
10983
10984
10986
10987
10988
10990
10993
10994
10995
10996
10998
10999
11000
11002
11003
11004
11005
11006
11007
11009
11010
11011
11012
11013
11014
11015
11016
11017
11018
11019
11020
11021
11022
11024
11025
11026
11027
11028
11029
11030
11032
11033
11034
11035
11036
11038
11039
11040
11041
11042
11043
11045
11046
11047
11048
11049
11051
11053
11055
11056
11057
11058
11060
11061
11062
11063
11064
11065
11066
11067
11068
11069
11071
11072
11073
11075
11077
11078
11080
11081
11082
11083
11084
11085
11086
11087
11088
11089
11091
11093
11094
11095
11096
11099
11100
11101
11102
11103
11104
11107
11108
11109
11110
11111
11112
11113
11114
11116
11117
11120
11122
11124
11125
11126
11127
11128
11129
11130
11131
11132
11133
11134
11135
11136
11138
11139
11140
11142
11143
11144
11145
11146
11147
11148
11150
11151
11152
11153
11154
11155
11156
11158
11159
11160
11161
11162
11164
11166
11167
11168
11169
11171
11173
11174
11175
11176
11177
11178
11179
11180
11181
11182
11183
11184
11185
11186
11187
11188
11190
11191
11192
11193
11194
11195
11196
11198
11200
11204
11205
11206
11207
11208
11209
11211
11212
11214
11215
11216
11217
11221
11223
11224
11225
11226
11227
11228
11229
11230
11231
11232
11233
11235
11237
11238
11239
11240
11241
11243
11244
11245
11246
11247
11248
11249
11250
11251
11252
11253
11256
11257
11258
11259
11260
11261
11262
11263
11264
11265
11266
11267
11268
11269
11271
11272
11273
11274
11275
11276
11277
11278
11279
11280
11281
11282
11283
11284
11286
11287
11288
11289
11291
11292
11293
11294
11295
11296
11298
11299
11300
11301
11302
11303
11305
11308
11309
11310
11311
11312
11313
11314
11315
11316
11318
11319
11320
11321
11322
11323
11324
11325
11326
11327
11328
11329
11330
11331
11334
11335
11336
11337
11339
11340
11341
11342
11345
11346
11347
11349
11350
11351
11352
11353
11354
11355
11356
11357
11358
11359
11360
11361
11362
11363
11364
11365
11366
11367
11368
11369
11370
11371
11372
11373
11374
11375
11376
11377
11378
11379
11381
11382
11383
11384
11385
11386
11387
11388
11389
11390
11392
11393
11394
11396
11397
11398
11399
11401
11402
11403
11405
11406
11407
11409
11410
11411
11412
11413
11414
11417
11418
11419
11420
11421
11422
11424
11425
11426
11428
11429
11430
11431
11432
11434
11435
11436
11437
11438
11439
11440
11441
11442
11444
11445
11447
11449
11450
11451
11453
11454
11457
11458
11459
11460
11461
11462
11463
11464
11466
11467
11468
11469
11470
11471
11473
11474
11475
11477
11478
11479
11480
11481
11482
11484
11485
11487
11488
11489
11490
11492
11493
11494
11495
11497
11498
11499
11500
11501
11502
11503
11504
11506
11507
11508
11509
11510
11511
11512
11513
11514
11515
11517
11518
11520
11521
11523
11524
11525
11526
11527
11528
11529
11530
11532
11533
11534
11535
11536
11537
11538
11539
11540
11541
11542
11543
11544
11545
11546
11547
11548
11549
11550
11551
11552
11553
11555
11558
11559
11561
11562
11563
11565
11566
11567
11568
11569
11570
11571
11572
11573
11575
11576
11577
11579
11580
11581
11582
11583
11584
11585
11586
11587
11588
11589
11591
11592
11594
11595
11596
11597
11598
11599
11600
11603
11604
11605
11606
11607
11608
11609
11610
11611
11612
11614
11615
11616
11618
11619
11620
11621
11622
11623
11626
11627
11628
11629
11630
11631
11633
11634
11635
11636
11637
11639
11640
11641
11642
11643
11644
11645
11646
11647
11648
11650
11651
11653
11654
11655
11656
11657
11658
11659
11660
11661
11662
11663
11664
11666
11667
11668
11669
11670
11671
11673
11674
11675
11676
11677
11678
11680
11681
11683
11686
11687
11688
11689
11691
11692
11694
11695
11697
11698
11699
11701
11702
11703
11704
11706
11708
11709
11710
11712
11714
11715
11716
11717
11718
11720
11723
11725
11726
11727
11728
11729
11730
11731
11732
11733
11734
11735
11736
11737
11738
11739
11740
11741
11742
11744
11746
11747
11749
11750
11751
11752
11753
11754
11756
11758
11759
11762
11763
11764
11765
11766
11768
11769
11772
11773
11774
11775
11776
11777
11778
11779
11780
11782
11783
11784
11787
11788
11789
11790
11791
11792
11793
11794
11795
11796
11798
11799
11801
11803
11806
11807
11808
11809
11810
11811
11812
11813
11814
11815
11816
11818
11819
11820
11821
11823
11825
11826
11827
11829
11830
11831
11832
11833
11834
11835
11836
11837
11839
11841
11842
11843
11844
11845
11846
11847
11848
11849
11850
11851
11852
11854
11855
11857
11858
11859
11860
11863
11864
11865
11867
11868
11869
11870
11871
11872
11873
11874
11875
11877
11878
11879
11880
11881
11882
11883
11885
11886
11887
11888
11890
11891
11892
11893
11894
11895
11896
11897
11898
11899
11900
11901
11902
11903
11904
11905
11906
11907
11908
11910
11911
11912
11916
11917
11918
11919
11920
11921
11922
11923
11924
11925
11926
11927
11928
11929
11930
11933
11934
11936
11937
11938
11939
11940
11942
11943
11944
11945
11946
11947
11948
11949
11950
11951
11952
11953
11955
11956
11957
11958
11960
11961
11962
11963
11964
11965
11966
11967
11968
11969
11970
11971
11972
11973
11974
11975
11976
11977
11978
11979
11980
11982
11983
11984
11986
11987
11988
11990
11991
11993
11994
11995
11997
11998
11999
12000
12001
12002
12004
12005
12006
12007
12008
12010
12011
12012
12013
12014
12015
12016
12017
12018
12020
12021
12023
12024
12025
12026
12027
12028
12029
12030
12031
12034
12035
12036
12037
12038
12039
12040
12042
12043
12044
12045
12046
12047
12048
12049
12050
12051
12052
12053
12057
12058
12059
12061
12063
12064
12065
12066
12068
12069
12073
12074
12075
12076
12077
12078
12079
12080
12083
12084
12085
12086
12087
12088
12090
12091
12092
12093
12094
12095
12096
12097
12098
12100
12101
12102
12103
12105
12106
12107
12111
12112
12114
12115
12116
12118
12119
12121
12122
12123
12125
12126
12127
12128
12129
12130
12131
12133
12134
12135
12141
12142
12143
12144
12145
12148
12149
12150
12152
12153
12154
12155
12156
12157
12158
12159
12160
12161
12162
12163
12164
12165
12166
12167
12168
12169
12170
12171
12172
12174
12178
12179
12180
12182
12183
12186
12188
12189
12191
12192
12193
12195
12196
12198
12199
12200
12201
12202
12205
12206
12207
12209
12210
12211
12212
12214
12216
12217
12218
12220
12221
12222
12223
12224
12225
12226
12227
12229
12230
12231
12232
12233
12234
12235
12236
12237
12238
12239
12242
12243
12244
12246
12247
12248
12249
12250
12251
12252
12254
12256
12260
12261
12262
12263
12264
12265
12268
12269
12270
12271
12272
12274
12276
12277
12278
12280
12281
12282
12283
12284
12285
12286
12288
12289
12290
12291
12293
12294
12295
12296
12297
12298
12299
12300
12302
12303
12305
12307
12308
12310
12312
12313
12314
12315
12317
12319
12320
12322
12323
12326
12327
12331
12332
12333
12334
12336
12338
12339
12340
12341
12342
12343
12344
12345
12348
12349
12351
12352
12353
12354
12355
12356
12357
12359
12360
12361
12362
12364
12365
12369
12372
12373
12374
12378
12380
12381
12382
12383
12384
12385
12386
12387
12388
12389
12390
12391
12393
12394
12395
12396
12398
12400
12402
12404
12405
12406
12407
12409
12410
12411
12412
12413
12416
12418
12421
12423
12424
12425
12426
12428
12429
12430
12431
12432
12433
12434
12437
12438
12439
12441
12442
12443
12445
12446
12447
12448
12449
12450
12451
12452
12453
12454
12457
12458
12459
12460
12461
12462
12463
12464
12466
12467
12468
12469
12470
12473
12474
12475
12476
12477
12478
12479
12480
12481
12482
12483
12485
12486
12487
12488
12489
12490
12491
12492
12494
12496
12498
12501
12503
12504
12505
12506
12507
12508
12509
12511
12513
12514
12515
12516
12518
12519
12520
12521
12522
12523
12524
12526
12527
12528
12530
12532
12535
12536
12537
12538
12539
12540
12541
12542
12543
12544
12545
12546
12547
12548
12549
12550
12551
12552
12554
12555
12556
12559
12560
12561
12562
12563
12564
12565
12567
12568
12569
12570
12571
12572
12573
12575
12576
12578
12579
12581
12582
12583
12584
12585
12586
12588
12589
12590
12591
12592
12593
12595
12596
12599
12603
12604
12605
12606
12607
12608
12609
12610
12611
12612
12613
12614
12615
12616
12617
12618
12619
12620
12621
12622
12624
12625
12626
12627
12628
12629
12630
12631
12633
12634
12635
12637
12640
12641
12642
12643
12644
12645
12646
12647
12648
12649
12650
12651
12653
12654
12658
12661
12662
12663
12664
12665
12667
12668
12669
12670
12671
12672
12673
12674
12675
12676
12677
12678
12679
12680
12681
12682
12684
12685
12687
12688
12689
12692
12693
12695
12696
12698
12699
12700
12701
12702
12703
12704
12705
12706
12707
12708
12710
12711
12712
12713
12714
12715
12716
12717
12719
12720
12721
12722
12723
12724
12725
12727
12728
12729
12730
12731
12733
12735
12736
12737
12738
12739
12740
12742
12743
12744
12745
12746
12747
12748
12749
12750
12751
12753
12754
12756
12757
12758
12759
12760
12761
12763
12764
12765
12766
12770
12773
12774
12775
12776
12777
12778
12779
12780
12783
12784
12786
12787
12788
12789
12791
12792
12793
12795
12796
12797
12798
12799
12800
12801
12802
12804
12807
12808
12809
12810
12811
12812
12813
12814
12815
12816
12817
12818
12819
12820
12821
12822
12823
12824
12825
12826
12828
12829
12830
12831
12832
12833
12834
12835
12840
12841
12842
12843
12845
12848
12849
12850
12852
12853
12854
12855
12858
12859
12861
12862
12863
12867
12868
12869
12870
12871
12872
12873
12875
12876
12877
12878
12879
12880
12881
12882
12883
12884
12887
12888
12889
12890
12891
12892
12893
12894
12896
12897
12899
12901
12903
12904
12905
12906
12907
12908
12909
12910
12911
12912
12915
12917
12918
12919
12920
12921
12922
12924
12925
12926
12929
12930
12931
12932
12933
12935
12936
12937
12938
12939
12940
12941
12942
12943
12944
12945
12946
12947
12949
12950
12951
12952
12956
12957
12958
12959
12961
12962
12963
12964
12965
12966
12967
12968
12969
12971
12972
12973
12974
12975
12976
12977
12978
12980
12981
12982
12984
12985
12987
12988
12989
12990
12991
12992
12993
12994
12995
12996
12997
13000
13001
13003
13005
13008
13010
13011
13012
13013
13014
13015
13016
13017
13018
13020
13022
13023
13024
13025
13026
13028
13030
13031
13032
13033
13035
13036
13038
13039
13040
13041
13044
13046
13048
13049
13050
13051
13052
13053
13054
13055
13056
13057
13059
13060
13061
13062
13063
13064
13065
13066
13067
13068
13069
13070
13071
13072
13073
13074
13075
13077
13078
13080
13084
13086
13087
13088
13089
13090
13091
13092
13093
13094
13095
13096
13097
13098
13099
13100
13101
13102
13104
13105
13106
13107
13108
13110
13112
13113
13114
13115
13116
13117
13118
13119
13120
13121
13122
13123
13124
13125
13126
13127
13128
13130
13134
13135
13136
13137
13140
13141
13142
13143
13144
13145
13146
13147
13148
13149
13150
13151
13152
13154
13155
13156
13157
13158
13159
13160
13162
13163
13165
13166
13167
13169
13170
13171
13173
13174
13175
13176
13177
13178
13179
13182
13183
13184
13185
13186
13187
13188
13190
13192
13193
13194
13195
13196
13198
13200
13201
13202
13203
13204
13205
13207
13208
13211
13213
13214
13215
13217
13218
13219
13221
13222
13223
13225
13226
13227
13228
13229
13231
13232
13233
13234
13235
13236
13237
13238
13240
13241
13242
13243
13245
13246
13248
13249
13250
13251
13252
13253
13254
13255
13256
13258
13259
13261
13262
13263
13264
13265
13266
13267
13268
13269
13270
13272
13273
13274
13275
13276
13277
13278
13280
13281
13282
13283
13286
13287
13288
13289
13291
13292
13293
13294
13295
13296
13297
13298
13299
13300
13302
13303
13304
13306
13307
13308
13309
13310
13311
13312
13313
13314
13315
13316
13317
13318
13319
13320
13321
13322
13323
13324
13327
13328
13329
13330
13332
13333
13334
13335
13336
13337
13338
13340
13343
13344
13345
13347
13348
13350
13351
13353
13354
13355
13356
13357
13358
13359
13360
13361
13362
13364
13366
13368
13369
13371
13372
13374
13375
13377
13378
13379
13380
13381
13382
13383
13385
13386
13388
13389
13391
13393
13395
13396
13397
13398
13401
13403
13405
13407
13408
13409
13410
13411
13413
13415
13416
13417
13418
13419
13420
13421
13423
13424
13425
13426
13427
13428
13429
13430
13431
13432
13433
13435
13437
13438
13439
13440
13441
13442
13443
13445
13446
13447
13448
13449
13450
13451
13452
13453
13455
13456
13457
13458
13459
13460
13461
13462
13463
13464
13465
13466
13467
13468
13469
13470
13471
13472
13474
13475
13476
13477
13478
13479
13480
13482
13483
13484
13485
13486
13488
13489
13490
13491
13492
13493
13494
13495
13496
13497
13498
13499
13500
13503
13504
13505
13506
13507
13509
13510
13511
13512
13513
13514
13515
13516
13517
13518
13519
13520
13522
13523
13524
13525
13526
13527
13528
13529
13530
13531
13532
13533
13534
13536
13537
13538
13540
13542
13544
13545
13546
13547
13548
13549
13550
13551
13554
13555
13556
13558
13560
13561
13563
13564
13565
13566
13567
13568
13569
13570
13571
13572
13574
13575
13580
13581
13582
13583
13584
13585
13586
13587
13588
13589
13591
13592
13593
13594
13596
13597
13599
13601
13603
13604
13605
13606
13607
13608
13609
13610
13611
13612
13613
13614
13616
13617
13618
13619
13620
13621
13622
13624
13625
13626
13627
13628
13629
13630
13631
13632
13633
13635
13636
13637
13638
13639
13640
13641
13642
13644
13646
13647
13648
13649
13650
13653
13655
13656
13658
13659
13660
13661
13662
13663
13664
13665
13666
13667
13669
13670
13671
13673
13675
13676
13677
13678
13679
13680
13681
13682
13683
13684
13685
13686
13687
13688
13689
13690
13693
13695
13696
13697
13700
13701
13702
13703
13704
13705
13706
13707
13709
13710
13711
13712
13713
13715
13717
13720
13722
13724
13725
13726
13727
13730
13731
13733
13735
13736
13738
13739
13740
13741
13743
13744
13745
13746
13747
13748
13749
13750
13751
