0
6
7
8
11
12
13
14
20
22
24
25
26
28
29
30
31
32
33
34
35
36
37
38
39
40
42
45
46
51
52
53
54
56
59
61
63
64
65
68
69
70
72
73
74
76
78
79
80
81
82
85
86
87
88
89
93
97
99
101
102
103
104
106
108
111
113
115
116
117
119
120
123
126
127
128
130
132
133
137
138
139
141
142
144
147
149
153
155
156
158
161
163
164
165
166
167
168
169
170
173
179
180
183
184
186
189
191
192
194
198
201
204
206
207
209
210
214
215
216
218
222
223
224
226
227
228
229
230
231
232
234
235
236
237
239
240
241
242
243
244
245
248
249
251
252
254
255
263
264
265
266
267
268
270
272
274
275
276
279
280
282
283
285
287
288
290
294
298
300
304
305
306
307
309
310
313
314
315
316
317
319
321
325
327
328
330
332
335
336
337
338
339
341
342
344
345
349
350
351
352
353
354
357
358
359
360
361
366
369
371
373
375
377
381
382
383
384
386
387
390
392
393
395
398
401
402
405
406
407
408
409
410
411
414
416
417
418
422
425
426
428
429
430
431
432
434
436
440
441
449
450
455
457
458
459
460
461
463
465
466
467
468
470
479
483
484
486
487
488
491
492
494
495
496
498
499
502
504
505
506
507
511
512
513
514
518
520
521
523
524
525
526
529
531
533
534
535
536
537
538
539
541
542
543
544
545
549
551
552
554
555
556
558
559
560
561
562
565
567
568
570
573
574
575
576
579
580
581
583
584
585
587
590
592
593
594
595
596
597
599
600
601
602
607
608
609
610
611
612
614
615
616
618
620
621
622
623
625
626
627
628
629
630
634
635
637
639
640
642
644
645
647
648
649
650
653
654
656
657
658
659
660
661
667
668
669
671
672
675
678
679
681
682
683
684
685
686
687
688
690
691
692
699
700
701
703
705
706
707
708
709
711
712
713
714
716
718
722
724
725
726
728
729
731
732
734
735
736
737
738
739
740
741
742
744
746
747
749
752
753
756
761
762
763
764
766
767
769
770
772
773
776
777
778
781
783
785
787
790
791
792
793
797
798
800
802
803
804
807
808
812
814
815
816
819
820
822
823
824
825
826
828
829
830
833
834
835
839
841
842
845
846
848
849
852
854
855
856
857
858
860
861
862
863
864
865
866
868
870
873
875
876
877
878
881
884
885
886
887
891
892
894
896
897
898
899
900
902
903
905
906
907
909
910
911
912
913
914
918
919
920
921
924
925
926
929
930
931
932
933
934
935
936
937
938
939
945
946
947
951
952
954
955
956
957
958
961
963
964
965
966
967
968
969
970
971
973
974
976
979
980
981
982
985
986
990
991
992
994
995
997
998
999
1001
1002
1003
1004
1007
1008
1009
1010
1011
1012
1013
1015
1017
1018
1019
1022
1023
1024
1025
1026
1027
1029
1030
1031
1033
1037
1039
1040
1041
1044
1046
1049
1050
1051
1053
1054
1055
1058
1059
1062
1063
1064
1066
1067
1068
1069
1070
1072
1073
1075
1076
1077
1078
1079
1080
1082
1083
1085
1086
1090
1093
1097
1099
1100
1101
1102
1103
1105
1106
1108
1109
1110
1111
1115
1117
1118
1119
1120
1121
1122
1124
1128
1130
1131
1132
1134
1137
1141
1142
1143
1145
1146
1149
1151
1152
1153
1154
1156
1159
1160
1161
1162
1165
1170
1173
1175
1177
1179
1181
1183
1184
1186
1187
1189
1190
1191
1192
1194
1196
1198
1199
1200
1201
1203
1204
1205
1207
1208
1210
1213
1214
1218
1221
1222
1223
1225
1229
1230
1232
1233
1235
1237
1239
1241
1242
1244
1246
1247
1249
1250
1251
1252
1253
1254
1255
1256
1257
1259
1261
1262
1263
1266
1267
1268
1269
1273
1274
1277
1279
1280
1281
1285
1287
1291
1292
1293
1294
1297
1298
1299
1301
1303
1304
1307
1310
1312
1316
1317
1318
1319
1323
1325
1326
1327
1328
1331
1337
1338
1341
1342
1344
1349
1350
1351
1353
1354
1356
1357
1358
1362
1365
1366
1368
1369
1371
1372
1374
1375
1377
1379
1380
1382
1383
1385
1387
1388
1390
1391
1392
1393
1395
1399
1400
1401
1402
1404
1405
1406
1407
1408
1409
1410
1411
1412
1414
1415
1418
1427
1429
1430
1432
1435
1436
1437
1438
1439
1442
1444
1445
1446
1448
1449
1452
1453
1455
1456
1457
1458
1459
1460
1463
1465
1467
1468
1470
1473
1474
1475
1476
1477
1478
1479
1481
1483
1484
1488
1491
1492
1493
1495
1496
1498
1499
1501
1505
1507
1509
1511
1515
1522
1524
1527
1530
1531
1533
1536
1537
1538
1540
1541
1542
1544
1546
1550
1551
1553
1554
1555
1559
1560
1561
1563
1564
1565
1566
1567
1568
1571
1573
1574
1575
1576
1577
1579
1580
1582
1584
1585
1586
1587
1588
1590
1593
1594
1595
1596
1597
1598
1599
1600
1601
1603
1604
1605
1606
1608
1610
1611
1612
1613
1614
1615
1617
1618
1621
1622
1623
1625
1628
1630
1632
1635
1636
1638
1641
1644
1651
1652
1654
1656
1657
1658
1660
1661
1663
1664
1665
1666
1670
1673
1674
1676
1677
1678
1684
1685
1686
1687
1688
1690
1691
1693
1694
1695
1696
1697
1698
1699
1700
1701
1702
1703
1704
1706
1707
1711
1716
1719
1720
1721
1723
1724
1725
1726
1727
1728
1729
1730
1732
1735
1736
1737
1744
1745
1748
1749
1752
1756
1760
1761
1762
1763
1764
1766
1767
1768
1769
1770
1771
1772
1773
1774
1775
1777
1778
1784
1785
1786
1787
1788
1790
1791
1792
1794
1795
1796
1797
1798
1799
1801
1802
1803
1804
1805
1807
1808
1809
1810
1811
1813
1819
1820
1821
1827
1828
1829
1832
1833
1835
1836
1838
1839
1840
1841
1842
1845
1848
1849
1850
1852
1853
1854
1855
1856
1858
1860
1864
1866
1868
1869
1872
1874
1875
1877
1880
1881
1882
1884
1885
1886
1887
1888
1892
1893
1894
1898
1899
1901
1902
1903
1906
1908
1911
1912
1916
1917
1919
1920
1921
1922
1923
1925
1926
1928
1929
1930
1931
1933
1934
1935
1937
1938
1939
1940
1942
1943
1948
1949
1952
1953
1954
1955
1958
1959
1960
1961
1963
1964
1965
1966
1967
1970
1971
1973
1974
1976
1980
1982
1983
1984
1986
1987
1989
1990
1992
1994
1996
1997
1998
2000
2002
2004
2005
2006
2007
2008
2010
2011
2013
2015
2018
2020
2023
2025
2026
2027
2028
2029
2030
2031
2034
2036
2037
2039
2040
2041
2042
2047
2048
2049
2050
2051
2052
2053
2054
2056
2057
2063
2064
2066
2067
2068
2069
2070
2072
2073
2075
2076
2080
2082
2083
2084
2085
2087
2088
2089
2090
2091
2092
2093
2097
2099
2103
2105
2107
2108
2109
2110
2111
2112
2113
2115
2116
2117
2118
2120
2121
2122
2124
2126
2128
2130
2133
2134
2136
2138
2140
2143
2144
2145
2147
2149
2150
2151
2152
2153
2156
2157
2161
2163
2165
2166
2167
2168
2171
2175
2177
2178
2181
2182
2183
2184
2186
2187
2190
2194
2195
2196
2199
2200
2201
2202
2203
2204
2205
2206
2208
2209
2211
2213
2214
2215
2218
2220
2224
2227
2228
2230
2231
2232
2233
2234
2235
2236
2237
2239
2240
2241
2242
2243
2245
2247
2248
2249
2251
2255
2256
2257
2260
2265
2266
2268
2269
2271
2273
2274
2276
2277
2278
2281
2284
2286
2287
2290
2291
2295
2298
2299
2300
2301
2302
2303
2304
2305
2306
2307
2308
2309
2312
2313
2314
2315
2319
2322
2323
2324
2325
2327
2328
2329
2331
2332
2333
2336
2337
2338
2339
2342
2344
2347
2348
2349
2352
2354
2359
2360
2361
2362
2363
2365
2366
2367
2368
2370
2371
2373
2374
2375
2377
2380
2381
2382
2383
2385
2386
2388
2390
2391
2393
2396
2398
2399
2400
2402
2403
2404
2405
2408
2409
2410
2412
2413
2414
2418
2419
2425
2426
2427
2428
2430
2431
2432
2433
2434
2435
2438
2439
2441
2444
2445
2447
2451
2452
2453
2454
2460
2461
2462
2463
2465
2468
2473
2474
2475
2477
2479
2480
2482
2483
2484
2485
2491
2498
2500
2501
2503
2506
2507
2508
2509
2510
2512
2513
2514
2515
2519
2521
2524
2525
2526
2527
2528
2529
2533
2534
2535
2537
2538
2539
2542
2543
2544
2545
2546
2548
2549
2551
2552
2553
2556
2559
2564
2565
2566
2574
2575
2576
2578
2580
2581
2582
2584
2589
2591
2593
2595
2596
2597
2601
2602
2604
2605
2606
2607
2608
2609
2610
2611
2612
2613
2615
2616
2617
2619
2620
2622
2623
2625
2626
2628
2629
2631
2634
2638
2639
2641
2642
2643
2644
2647
2650
2653
2654
2655
2656
2660
2662
2663
2664
2666
2667
2668
2669
2670
2672
2675
2678
2680
2682
2683
2686
2688
2689
2693
2694
2695
2696
2698
2699
2701
2703
2706
2707
2708
2712
2713
2714
2716
2718
2720
2722
2723
2725
2726
2730
2731
2732
2736
2738
2742
2743
2744
2745
2746
2749
2750
2751
2755
2756
2757
2758
2759
2765
2768
2770
2771
2772
2774
2776
2779
2780
2782
2783
2784
2785
2786
2789
2791
2793
2794
2795
2799
2801
2803
2805
2806
2807
2808
2810
2815
2816
2817
2818
2819
2821
2823
2824
2827
2828
2829
2831
2833
2838
2839
2842
2843
2844
2845
2846
2848
2849
2850
2851
2854
2855
2857
2858
2860
2861
2863
2864
2866
2867
2868
2871
2875
2876
2879
2881
2883
2884
2885
2886
2887
2888
2889
2890
2891
2894
2895
2896
2899
2901
2902
2905
2906
2907
2911
2912
2915
2916
2919
2920
2925
2926
2927
2929
2930
2931
2933
2937
2938
2945
2948
2949
2951
2955
2956
2957
2958
2960
2962
2963
2964
2966
2968
2972
2973
2977
2978
2984
2985
2986
2989
2990
2991
2994
2995
2996
2997
2998
2999
3000
3003
3004
3005
3006
3008
3009
3013
3014
3018
3019
3021
3024
3025
3026
3027
3030
3031
3033
3034
3036
3037
3038
3039
3040
3045
3046
3050
3051
3054
3057
3058
3060
3061
3062
3063
3064
3065
3066
3067
3068
3069
3070
3071
3072
3073
3074
3075
3077
3078
3080
3084
3086
3087
3088
3089
3090
3092
3093
3094
3095
3096
3097
3099
3100
3101
3102
3103
3105
3107
3113
3114
3115
3116
3117
3118
3121
3123
3124
3125
3126
3127
3128
3130
3132
3133
3136
3137
3138
3140
3141
3143
3147
3148
3152
3153
3154
3155
3157
3159
3161
3162
3168
3169
3172
3174
3177
3178
3180
3181
3184
3185
3188
3191
3192
3194
3195
3197
3199
3201
3202
3203
3204
3205
3206
3211
3212
3213
3214
3215
3216
3217
3220
3221
3222
3223
3224
3225
3227
3228
3229
3231
3232
3233
3234
3235
3236
3237
3239
3241
3242
3244
3248
3249
3250
3251
3252
3253
3256
3257
3258
3261
3262
3264
3265
3266
3268
3269
3270
3278
3282
3283
3284
3285
3286
3287
3288
3289
3290
3291
3292
3294
3295
3296
3297
3298
3300
3302
3303
3304
3305
3306
3307
3310
3311
3312
3314
3317
3318
3320
3328
3329
3332
3334
3335
3337
3338
3339
3340
3341
3342
3343
3344
3349
3351
3353
3354
3356
3358
3359
3362
3365
3366
3367
3368
3369
3370
3371
3374
3375
3376
3377
3379
3380
3382
3383
3384
3386
3388
3389
3391
3392
3393
3394
3395
3396
3397
3398
3399
3400
3402
3403
3404
3406
3408
3410
3411
3414
3416
3419
3424
3425
3426
3428
3431
3433
3436
3437
3439
3440
3441
3445
3446
3447
3448
3449
3454
3455
3456
3457
3458
3459
3460
3463
3465
3468
3470
3475
3476
3477
3478
3479
3481
3482
3483
3484
3485
3486
3487
3488
3491
3492
3493
3494
3495
3496
3497
3498
3499
3500
3501
3502
3503
3506
3507
3508
3509
3512
3513
3516
3520
3522
3527
3528
3529
3530
3531
3533
3538
3540
3541
3542
3544
3545
3546
3547
3548
3549
3550
3551
3553
3554
3559
3562
3565
3567
3568
3570
3571
3572
3574
3575
3578
3579
3582
3585
3587
3588
3592
3595
3597
3598
3601
3602
3604
3606
3611
3612
3614
3615
3616
3618
3621
3622
3624
3625
3626
3630
3631
3632
3633
3634
3640
3644
3645
3646
3647
3650
3651
3652
3654
3660
3661
3663
3664
3665
3666
3669
3674
3675
3677
3678
3679
3681
3682
3684
3685
3687
3688
3689
3690
3692
3694
3695
3696
3697
3698
3699
3701
3702
3704
3705
3709
3710
3713
3714
3715
3717
3718
3720
3722
3728
3729
3731
3734
3735
3736
3738
3739
3740
3742
3743
3744
3746
3747
3748
3749
3751
3752
3753
3754
3755
3757
3761
3763
3767
3772
3773
3776
3777
3778
3779
3782
3784
3789
3792
3795
3796
3797
3798
3799
3802
3803
3804
3805
3806
3808
3810
3811
3812
3813
3817
3818
3819
3820
3821
3823
3824
3826
3828
3830
3831
3832
3835
3836
3838
3842
3843
3845
3846
3847
3848
3849
3851
3852
3853
3858
3859
3860
3862
3863
3864
3865
3866
3867
3869
3872
3874
3875
3876
3878
3880
3881
3884
3886
3888
3890
3892
3893
3895
3896
3897
3898
3900
3901
3902
3903
3904
3906
3908
3909
3910
3911
3912
3915
3917
3918
3920
3921
3923
3925
3928
3929
3930
3931
3935
3937
3938
3940
3941
3942
3943
3944
3945
3948
3949
3950
3951
3955
3958
3959
3961
3964
3965
3966
3967
3968
3969
3970
3972
3976
3977
3978
3979
3980
3984
3986
3987
3988
3989
3990
3991
3992
3994
3995
3997
3998
4000
4001
4002
4004
4005
4006
4008
4009
4010
4011
4015
4016
4017
4021
4022
4024
4026
4027
4029
4031
4032
4033
4034
4035
4037
4038
4039
4040
4042
4043
4044
4046
4047
4048
4049
4052
4053
4054
4055
4056
4058
4061
4064
4066
4068
4070
4074
4075
4076
4081
4090
4091
4092
4097
4099
4100
4108
4109
4111
4113
4114
4115
4116
4117
4118
4119
4120
4121
4123
4129
4130
4131
4133
4135
4136
4139
4141
4144
4145
4146
4148
4149
4153
4154
4156
4158
4160
4162
4165
4166
4168
4169
4170
4171
4173
4174
4175
4177
4179
4183
4184
4185
4188
4190
4191
4192
4193
4194
4195
4196
4197
4201
4203
4204
4205
4206
4207
4208
4211
4213
4216
4217
4218
4219
4220
4221
4222
4223
4224
4225
4227
4228
4234
4235
4236
4237
4238
4239
4241
4242
4243
4245
4247
4249
4250
4253
4254
4255
4257
4259
4260
4261
4263
4264
4267
4268
4269
4270
4271
4273
4276
4278
4280
4281
4283
4286
4287
4288
4289
4293
4295
4297
4298
4299
4300
4301
4307
4309
4310
4313
4314
4315
4316
4317
4320
4322
4324
4325
4327
4334
4335
4337
4338
4340
4341
4345
4347
4348
4350
4351
4352
4355
4357
4358
4359
4360
4361
4362
4363
4365
4366
4367
4368
4371
4372
4373
4374
4376
4378
4379
4385
4386
4388
4389
4390
4393
4394
4395
4396
4397
4398
4399
4400
4402
4403
4404
4409
4410
4411
4412
4413
4418
4421
4422
4424
4425
4427
4428
4431
4432
4434
4435
4442
4444
4446
4448
4451
4454
4456
4458
4460
4461
4462
4463
4465
4466
4469
4471
4473
4474
4478
4480
4481
4482
4486
4488
4489
4491
4493
4494
4495
4496
4497
4502
4503
4505
4506
4507
4510
4512
4513
4522
4524
4526
4527
4528
4529
4532
4534
4535
4536
4537
4538
4540
4545
4546
4547
4552
4555
4556
4558
4559
4560
4563
4564
4566
4567
4569
4570
4571
4572
4573
4574
4579
4580
4581
4584
4585
4586
4587
4589
4590
4591
4593
4594
4598
4603
4607
4610
4613
4618
4619
4620
4621
4623
4624
4626
4628
4629
4630
4631
4632
4633
4634
4635
4637
4638
4639
4640
4642
4644
4645
4648
4649
4650
4652
4653
4654
4655
4657
4659
4660
4664
4666
4667
4669
4670
4671
4672
4674
4675
4676
4677
4678
4679
4680
4682
4683
4684
4685
4686
4687
4688
4691
4695
4698
4699
4700
4702
4704
4705
4706
4710
4711
4714
4716
4718
4719
4720
4726
4729
4732
4733
4734
4735
4736
4737
4739
4741
4744
4750
4751
4753
4755
4758
4760
4761
4763
4764
4765
4767
4768
4769
4770
4771
4772
4774
4776
4778
4779
4780
4782
4783
4786
4789
4791
4792
4793
4794
4795
4797
4798
4799
4800
4802
4803
4804
4805
4806
4807
4809
4810
4811
4812
4813
4814
4816
4819
4823
4825
4829
4830
4831
4832
4834
4835
4836
4837
4838
4839
4841
4845
4847
4848
4849
4850
4852
4855
4860
4863
4864
4866
4868
4869
4871
4873
4874
4875
4876
4878
4879
4881
4882
4883
4884
4886
4888
4890
4892
4893
4896
4897
4900
4903
4904
4907
4910
4911
4912
4914
4915
4918
4919
4920
4921
4922
4924
4925
4926
4928
4929
4930
4932
4933
4934
4936
4937
4941
4943
4945
4947
4948
4950
4952
4953
4955
4956
4957
4958
4959
4960
4961
4962
4963
4964
4965
4968
4969
4970
4971
4973
4975
4976
4978
4980
4983
4987
4988
4990
4991
4994
4995
4997
5003
5004
5006
5007
5008
5009
5010
5014
5015
5016
5017
5018
5019
5020
5021
5022
5024
5025
5027
5029
5031
5032
5033
5034
5035
5039
5040
5041
5045
5047
5049
5050
5051
5052
5053
5054
5056
5057
5059
5060
5061
5063
5064
5065
5066
5070
5072
5073
5074
5075
5076
5077
5078
5079
5081
5083
5084
5085
5087
5089
5091
5092
5093
5095
5096
5098
5100
5101
5102
5103
5104
5107
5111
5112
5113
5117
5118
5120
5121
5123
5124
5127
5128
5130
5131
5133
5136
5137
5138
5139
5140
5146
5149
5153
5155
5157
5159
5160
5161
5163
5164
5166
5169
5170
5171
5172
5174
5175
5176
5179
5180
5181
5182
5183
5185
5186
5187
5188
5190
5192
5194
5195
5198
5200
5202
5204
5206
5208
5209
5210
5212
5213
5214
5215
5216
5217
5218
5221
5224
5226
5228
5229
5230
5232
5234
5236
5237
5239
5240
5241
5245
5246
5247
5248
5250
5251
5252
5253
5254
5256
5258
5260
5261
5262
5263
5264
5265
5267
5269
5270
5271
5273
5275
5276
5277
5278
5279
5281
5283
5284
5288
5290
5291
5292
5293
5294
5295
5296
5301
5307
5308
5309
5310
5311
5313
5314
5317
5321
5322
5323
5324
5326
5328
5329
5330
5331
5333
5334
5335
5338
5339
5340
5342
5343
5344
5347
5349
5350
5352
5353
5354
5355
5357
5358
5359
5360
5361
5364
5367
5370
5372
5376
5378
5379
5380
5382
5383
5385
5387
5388
5390
5391
5392
5394
5395
5397
5399
5402
5403
5407
5409
5410
5412
5414
5415
5416
5417
5418
5419
5420
5422
5423
5424
5425
5427
5428
5430
5432
5433
5434
5436
5437
5439
5442
5445
5446
5449
5450
5451
5452
5453
5454
5456
5459
5460
5461
5463
5464
5466
5468
5469
5472
5474
5476
5478
5479
5482
5483
5484
5485
5487
5489
5492
5493
5494
5495
5496
5500
5501
5508
5509
5510
5511
5512
5514
5515
5517
5519
5520
5521
5523
5525
5529
5530
5533
5535
5538
5539
5540
5541
5544
5546
5547
5549
5550
5551
5553
5554
5556
5560
5562
5564
5565
5566
5567
5568
5570
5571
5573
5574
5575
5578
5580
5581
5583
5585
5586
5587
5588
5589
5590
5593
5594
5596
5597
5598
5601
5604
5605
5606
5607
5609
5610
5612
5613
5616
5617
5618
5619
5622
5624
5625
5627
5628
5629
5630
5631
5632
5634
5635
5637
5638
5639
5641
5642
5643
5646
5647
5648
5649
5650
5651
5652
5653
5654
5655
5657
5660
5663
5664
5665
5667
5669
5672
5673
5674
5678
5679
5681
5683
5684
5685
5687
5688
5689
5690
5691
5693
5694
5696
5697
5698
5700
5702
5703
5704
5705
5707
5709
5710
5714
5715
5716
5717
5718
5721
5722
5723
5724
5725
5726
5727
5728
5729
5731
5732
5733
5736
5737
5738
5739
5740
5743
5745
5746
5747
5748
5749
5753
5756
5757
5758
5759
5762
5764
5767
5769
5773
5776
5777
5780
5782
5786
5787
5788
5789
5790
5791
5795
5796
5798
5800
5802
5804
5806
5811
5812
5814
5816
5817
5819
5820
5821
5826
5827
5828
5829
5830
5831
5832
5833
5837
5840
5841
5842
5843
5844
5845
5846
5849
5850
5852
5853
5856
5857
5858
5860
5861
5862
5863
5865
5867
5869
5870
5871
5872
5875
5877
5878
5880
5881
5883
5884
5886
5887
5891
5893
5895
5896
5897
5898
5899
5900
5902
5904
5905
5906
5909
5914
5917
5918
5920
5921
5923
5927
5929
5932
5933
5939
5941
5942
5943
5944
5946
5947
5948
5950
5951
5952
5953
5957
5958
5961
5962
5963
5970
5973
5977
5979
5980
5981
5982
5983
5986
5989
5990
5991
5992
5994
5995
5996
5997
5999
6001
6002
6005
6006
6008
6009
6010
6011
6012
6013
6014
6016
6017
6019
6024
6025
6029
6030
6031
6032
6034
6035
6037
6038
6040
6041
6042
6043
6049
6050
6051
6052
6054
6057
6059
6061
6063
6066
6067
6068
6069
6070
6072
6073
6075
6076
6078
6080
6081
6083
6086
6087
6089
6091
6092
6093
6094
6095
6096
6097
6098
6099
6100
6102
6104
6105
6107
6108
6110
6111
6112
6113
6114
6115
6119
6120
6121
6123
6124
6126
6127
6128
6129
6130
6131
6132
6133
6134
6136
6138
6140
6141
6142
6145
6149
6152
6155
6158
6160
6162
6166
6167
6168
6171
6172
6174
6175
6176
6178
6180
6181
6182
6183
6185
6186
6188
6189
6190
6191
6193
6195
6198
6200
6201
6202
6204
6207
6208
6210
6211
6214
6215
6216
6217
6218
6219
6221
6222
6224
6225
6226
6227
6229
6230
6231
6232
6234
6235
6237
6238
6239
6240
6241
6242
6244
6245
6246
6247
6248
6249
6250
6251
6254
6255
6259
6260
6261
6262
6263
6264
6266
6267
6269
6270
6271
6272
6273
6274
6277
6278
6279
6283
6284
6289
6290
6293
6294
6295
6298
6300
6301
6302
6303
6305
6306
6307
6308
6309
6310
6312
6314
6315
6317
6318
6327
6328
6330
6331
6333
6334
6336
6337
6338
6339
6340
6343
6344
6347
6352
6353
6356
6357
6358
6359
6360
6361
6363
6364
6365
6366
6367
6368
6373
6374
6375
6378
6379
6381
6382
6383
6384
6385
6386
6387
6390
6391
6393
6394
6395
6397
6402
6405
6406
6407
6408
6409
6410
6411
6413
6414
6415
6416
6420
6421
6423
6424
6425
6426
6429
6432
6434
6435
6437
6438
6439
6442
6444
6446
6447
6448
6449
6451
6452
6453
6455
6457
6459
6462
6463
6464
6467
6468
6469
6471
6473
6474
6475
6478
6481
6482
6483
6485
6487
6488
6491
6494
6496
6498
6499
6500
6501
6502
6503
6504
6505
6509
6510
6511
6512
6513
6514
6516
6518
6521
6525
6526
6527
6528
6530
6531
6532
6535
6540
6541
6542
6543
6545
6546
6551
6552
6554
6555
6556
6557
6558
6561
6562
6563
6566
6568
6570
6573
6574
6576
6577
6579
6580
6581
6582
6583
6586
6588
6589
6590
6591
6592
6593
6596
6599
6602
6603
6604
6605
6606
6607
6609
6610
6613
6615
6616
6617
6618
6619
6620
6622
6623
6624
6630
6631
6634
6635
6636
6638
6640
6641
6643
6645
6647
6649
6650
6651
6655
6656
6657
6658
6659
6661
6662
6665
6666
6667
6668
6669
6670
6675
6676
6678
6680
6682
6684
6686
6688
6690
6693
6695
6696
6697
6698
6703
6704
6705
6706
6707
6709
6711
6712
6713
6715
6716
6717
6718
6719
6720
6721
6723
6724
6725
6726
6728
6729
6733
6734
6735
6736
6738
6739
6741
6743
6744
6745
6748
6751
6753
6754
6755
6756
6758
6759
6760
6763
6764
6765
6768
6770
6773
6774
6779
6780
6783
6785
6786
6787
6791
6795
6798
6799
6800
6801
6802
6803
6804
6805
6806
6808
6809
6811
6813
6814
6815
6816
6817
6820
6821
6823
6824
6826
6827
6829
6832
6834
6835
6836
6838
6839
6843
6844
6845
6847
6848
6852
6853
6857
6858
6860
6861
6862
6863
6864
6865
6867
6868
6870
6871
6872
6873
6876
6877
6878
6880
6883
6885
6886
6887
6889
6892
6893
6895
6896
6897
6898
6900
6901
6904
6906
6907
6909
6911
6912
6914
6919
6920
6922
6923
6924
6925
6928
6929
6933
6936
6937
6939
6944
6945
6946
6947
6948
6949
6950
6951
6952
6953
6954
6955
6956
6957
6958
6960
6961
6965
6967
6968
6969
6973
6975
6976
6978
6979
6980
6981
6984
6985
6986
6987
6988
6990
6992
6994
6995
6996
6998
6999
7000
7002
7005
7006
7008
7009
7011
7012
7013
7014
7015
7016
7017
7018
7019
7020
7022
7023
7025
7026
7027
7029
7030
7031
7033
7034
7035
7037
7038
7039
7040
7041
7042
7046
7047
7049
7050
7051
7052
7053
7054
7056
7058
7060
7062
7064
7065
7068
7073
7076
7078
7080
7082
7085
7086
7087
7089
7090
7092
7093
7095
7096
7099
7102
7104
7106
7109
7110
7116
7117
7119
7121
7122
7124
7125
7126
7129
7130
7134
7137
7138
7140
7141
7143
7147
7148
7151
7152
7153
7156
7157
7158
7160
7161
7162
7163
7164
7165
7166
7167
7168
7170
7171
7172
7176
7181
7182
7183
7184
7185
7187
7189
7190
7192
7193
7194
7195
7196
7198
7201
7202
7203
7205
7206
7208
7209
7210
7211
7215
7216
7217
7218
7219
7222
7223
7225
7227
7228
7229
7230
7231
7232
7235
7237
7240
7241
7245
7246
7247
7248
7249
7250
7252
7253
7254
7255
7256
7257
7260
7261
7263
7265
7267
7268
7270
7271
7273
7275
7276
7278
7280
7281
7282
7284
7285
7288
7292
7293
7294
7296
7297
7298
7299
7300
7301
7302
7303
7304
7305
7309
7311
7312
7313
7314
7318
7319
7320
7322
7323
7325
7327
7329
7330
7332
7333
7334
7335
7338
7339
7340
7341
7342
7344
7346
7347
7349
7350
7354
7355
7360
7362
7364
7366
7370
7371
7372
7373
7374
7376
7377
7378
7379
7380
7382
7383
7386
7387
7389
7390
7395
7396
7397
7398
7401
7402
7403
7404
7405
7406
7409
7413
7414
7415
7416
7420
7421
7422
7423
7424
7425
7427
7429
7430
7431
7432
7433
7434
7436
7437
7439
7440
7441
7442
7443
7444
7446
7448
7449
7450
7452
7456
7457
7459
7461
7462
7464
7465
7466
7471
7473
7474
7475
7478
7480
7482
7483
7486
7487
7488
7489
7491
7494
7495
7497
7498
7500
7501
7502
7504
7505
7511
7512
7513
7514
7516
7517
7518
7519
7522
7523
7526
7527
7528
7529
7533
7536
7537
7538
7539
7540
7541
7543
7544
7545
7546
7549
7551
7552
7553
7554
7555
7556
7560
7561
7562
7563
7564
7565
7570
7573
7575
7578
7579
7581
7582
7583
7586
7587
7588
7589
7591
7593
7597
7598
7603
7605
7607
7609
7610
7612
7613
7614
7616
7617
7619
7620
7622
7624
7626
7627
7629
7631
7635
7636
7638
7639
7640
7641
7643
7645
7648
7650
7651
7652
7654
7655
7656
7657
7659
7661
7663
7665
7667
7668
7669
7670
7671
7672
7673
7674
7675
7676
7677
7678
7679
7680
7682
7683
7684
7685
7689
7692
7693
7694
7695
7697
7700
7701
7702
7703
7704
7706
7707
7708
7709
7710
7711
7712
7713
7717
7718
7723
7725
7727
7729
7730
7732
7733
7734
7735
7736
7737
7738
7739
7740
7741
7743
7744
7745
7747
7749
7750
7751
7752
7753
7755
7756
7757
7758
7760
7763
7764
7765
7766
7768
7770
7771
7772
7775
7777
7780
7783
7784
7786
7788
7789
7791
7792
7793
7794
7800
7804
7806
7809
7811
7812
7814
7815
7817
7818
7819
7821
7822
7824
7825
7827
7828
7834
7835
7837
7838
7839
7841
7842
7844
7847
7848
7849
7850
7854
7856
7860
7861
7862
7863
7864
7870
7876
7877
7878
7884
7885
7887
7888
7890
7891
7892
7893
7899
7900
7901
7902
7903
7904
7905
7907
7908
7909
7910
7911
7913
7916
7917
7918
7920
7921
7924
7925
7926
7927
7928
7929
7930
7931
7932
7934
7935
7937
7938
7940
7941
7943
7944
7946
7950
7952
7953
7954
7956
7959
7962
7963
7964
7967
7970
7971
7972
7973
7978
7979
7980
7981
7982
7983
7985
7988
7989
7994
7995
7996
8000
8002
8003
8005
8006
8009
8012
8013
8014
8015
8016
8017
8018
8019
8021
8022
8023
8026
8029
8031
8032
8033
8034
8036
8038
8039
8040
8041
8043
8044
8045
8046
8048
8049
8050
8052
8053
8055
8056
8057
8059
8060
8061
8062
8064
8065
8066
8067
8068
8070
8071
8072
8073
8076
8081
8082
8083
8085
8086
8089
8090
8091
8095
8096
8098
8101
8103
8104
8105
8106
8107
8108
8110
8111
8112
8114
8116
8117
8118
8119
8121
8123
8124
8125
8126
8127
8130
8131
8132
8133
8135
8136
8139
8141
8142
8147
8148
8149
8156
8158
8161
8162
8164
8165
8166
8167
8168
8169
8171
8172
8173
8174
8175
8177
8178
8179
8184
8189
8190
8191
8192
8193
8194
8198
8199
8200
8206
8208
8209
8210
8213
8215
8216
8219
8220
8221
8222
8223
8224
8226
8228
8229
8230
8231
8233
8234
8235
8236
8237
8238
8239
8240
8241
8242
8244
8246
8247
8248
8250
8251
8252
8253
8255
8256
8257
8258
8259
8262
8263
8264
8266
8269
8270
8271
8272
8274
8275
8278
8279
8282
8287
8288
8290
8292
8294
8296
8297
8298
8299
8300
8302
8303
8307
8309
8311
8315
8316
8320
8321
8323
8325
8327
8328
8329
8330
8332
8333
8335
8337
8340
8343
8344
8346
8347
8349
8350
8351
8352
8353
8355
8357
8359
8361
8362
8364
8365
8367
8368
8374
8376
8378
8380
8381
8382
8383
8385
8386
8387
8388
8391
8393
8394
8396
8397
8398
8399
8400
8402
8406
8409
8410
8412
8414
8415
8416
8419
8421
8422
8423
8424
8425
8426
8430
8431
8432
8433
8434
8435
8436
8437
8438
8440
8441
8442
8445
8446
8447
8449
8450
8452
8454
8456
8463
8466
8467
8468
8469
8472
8473
8474
8475
8476
8477
8478
8479
8481
8482
8484
8488
8489
8490
8492
8494
8497
8498
8499
8500
8501
8502
8504
8505
8506
8507
8508
8509
8511
8512
8514
8517
8518
8519
8520
8523
8524
8530
8534
8535
8536
8538
8541
8543
8544
8545
8546
8547
8549
8550
8553
8554
8555
8556
8558
8561
8562
8563
8564
8565
8567
8568
8569
8570
8571
8573
8574
8575
8578
8579
8581
8582
8585
8586
8587
8589
8591
8594
8596
8597
8598
8599
8600
8601
8602
8605
8606
8608
8609
8610
8612
8613
8614
8615
8620
8621
8624
8625
8626
8627
8628
8633
8634
8638
8640
8645
8646
8647
8650
8651
8652
8653
8655
8656
8657
8659
8661
8662
8663
8665
8666
8667
8668
8669
8672
8673
8674
8677
8678
8679
8680
8681
8682
8683
8684
8685
8686
8688
8689
8691
8694
8697
8698
8699
8701
8703
8704
8705
8707
8709
8710
8713
8716
8717
8718
8723
8724
8727
8728
8729
8730
8731
8732
8733
8735
8738
8740
8741
8745
8746
8747
8748
8751
8752
8753
8754
8755
8757
8758
8759
8761
8762
8767
8769
8770
8771
8772
8773
8774
8775
8776
8777
8778
8779
8780
8784
8785
8787
8788
8789
8790
8791
8792
8793
8794
8798
8800
8804
8806
8808
8809
8813
8814
8815
8817
8818
8821
8822
8824
8827
8829
8831
8832
8834
8835
8836
8838
8839
8840
8841
8842
8849
8850
8851
8852
8853
8854
8855
8859
8860
8861
8862
8863
8866
8873
8874
8877
8878
8879
8880
8882
8883
8884
8886
8887
8888
8889
8890
8892
8894
8896
8899
8901
8903
8904
8906
8909
8910
8916
8917
8919
8920
8922
8923
8924
8926
8928
8934
8935
8936
8938
8939
8940
8942
8943
8944
8945
8946
8948
8950
8951
8952
8953
8954
8956
8958
8960
8961
8962
8963
8964
8968
8969
8970
8971
8973
8974
8976
8977
8978
8979
8980
8981
8985
8989
8990
8991
8992
8994
8998
9001
9002
9004
9005
9006
9008
9010
9011
9012
9015
9016
9017
9021
9023
9024
9025
9026
9027
9028
9029
9031
9033
9034
9035
9040
9041
9043
9044
9045
9049
9052
9053
9054
9055
9056
9059
9061
9062
9064
9065
9069
9070
9071
9072
9075
9076
9077
9078
9079
9081
9082
9084
9085
9086
9087
9094
9096
9099
9100
9102
9103
9104
9106
9107
9108
9109
9110
9111
9113
9116
9118
9119
9121
9123
9124
9125
9126
9128
9129
9130
9131
9132
9133
9135
9136
9138
9139
9145
9147
9148
9149
9150
9151
9154
9159
9164
9165
9167
9169
9170
9171
9173
9176
9177
9178
9179
9182
9183
9184
9186
9188
9189
9192
9194
9196
9198
9199
9200
9201
9202
9207
9210
9212
9213
9214
9215
9217
9218
9219
9220
9221
9224
9226
9228
9229
9230
9231
9232
9235
9236
9237
9240
9244
9246
9247
9248
9249
9251
9253
9254
9255
9256
9259
9260
9262
9263
9265
9266
9267
9269
9271
9272
9275
9279
9280
9282
9285
9286
9288
9290
9291
9292
9293
9295
9296
9297
9298
9299
9301
9302
9303
9304
9306
9308
9309
9311
9312
9315
9319
9320
9321
9322
9325
9328
9329
9330
9332
9333
9335
9337
9339
9340
9341
9343
9344
9345
9346
9347
9349
9350
9353
9356
9361
9362
9363
9364
9365
9368
9369
9371
9372
9373
9374
9375
9376
9377
9378
9382
9383
9386
9388
9390
9391
9392
9394
9398
9399
9401
9402
9403
9404
9405
9406
9407
9408
9409
9410
9412
9413
9415
9416
9417
9418
9420
9421
9422
9423
9425
9430
9432
9433
9434
9435
9436
9439
9441
9443
9445
9452
9454
9456
9458
9460
9461
9462
9463
9464
9465
9466
9469
9472
9476
9477
9478
9480
9481
9483
9484
9485
9486
9487
9488
9489
9491
9492
9494
9497
9498
9500
9501
9503
9504
9506
9507
9510
9511
9512
9513
9514
9515
9516
9517
9520
9522
9523
9525
9526
9528
9529
9531
9532
9533
9535
9537
9539
9540
9541
9543
9545
9546
9548
9549
9550
9551
9553
9554
9556
9560
9561
9562
9563
9565
9567
9568
9570
9571
9572
9577
9579
9580
9581
9582
9583
9584
9588
9591
9593
9595
9596
9597
9599
9600
9601
9602
9603
9604
9607
9608
9609
9610
9615
9617
9619
9620
9621
9622
9623
9627
9628
9629
9630
9631
9632
9633
9635
9636
9638
9639
9642
9643
9644
9645
9646
9647
9649
9650
9652
9654
9655
9656
9657
9658
9659
9660
9661
9662
9664
9666
9668
9669
9671
9672
9673
9674
9675
9676
9677
9678
9679
9680
9682
9684
9685
9686
9691
9693
9697
9698
9699
9700
9702
9703
9704
9705
9706
9709
9711
9712
9713
9715
9716
9717
9718
9720
9721
9723
9724
9726
9728
9729
9731
9732
9734
9737
9739
9741
9742
9743
9745
9747
9749
9750
9752
9753
9755
9759
9761
9763
9764
9767
9770
9772
9773
9774
9775
9776
9778
9779
9780
9781
9782
9783
9784
9785
9787
9788
9790
9791
9792
9795
9796
9797
9800
9801
9802
9803
9804
9806
9808
9811
9812
9814
9815
9816
9817
9819
9820
9822
9823
9827
9828
9829
9830
9831
9832
9833
9834
9835
9838
9840
9842
9843
9844
9845
9846
9847
9848
9850
9851
9853
9854
9857
9858
9859
9861
9862
9863
9865
9868
9869
9870
9871
9874
9875
9879
9880
9881
9882
9883
9884
9886
9888
9890
9891
9893
9894
9895
9896
9898
9899
9900
9901
9905
9907
9909
9911
9912
9913
9914
9915
9917
9920
9923
9924
9927
9929
9932
9933
9934
9936
9937
9940
9941
9942
9944
9950
9952
9953
9954
9955
9957
9958
9959
9960
9961
9962
9963
9964
9968
9970
9972
9975
9976
9978
9979
9981
9982
9985
9988
9990
9994
9995
9996
9997
9999
10000
10008
10010
10011
10012
10013
10014
10016
10017
10019
10020
10022
10024
10026
10028
10030
10031
10034
10037
10041
10042
10043
10044
10045
10046
10047
10048
10052
10053
10055
10056
10057
10058
10059
10060
10065
10066
10068
10071
10072
10073
10074
10075
10077
10078
10079
10080
10081
10082
10083
10084
10085
10087
10088
10092
10093
10095
10097
10100
10101
10103
10106
10107
10109
10111
10112
10114
10115
10117
10118
10119
10121
10122
10124
10126
10128
10131
10132
10134
10138
10139
10141
10142
10145
10146
10147
10150
10153
10154
10157
10158
10159
10160
10162
10163
10165
10168
10171
10174
10177
10178
10182
10183
10184
10185
10186
10187
10192
10195
10198
10199
10201
10203
10204
10205
10206
10207
10208
10211
10215
10216
10217
10219
10221
10224
10226
10227
10228
10229
10231
10232
10235
10236
10237
10238
10239
10242
10244
10248
10249
10251
10252
10253
10254
10255
10257
10258
10259
10264
10266
10268
10270
10271
10273
10275
10276
10279
10280
10284
10287
10288
10290
10291
10293
10296
10297
10298
10299
10300
10301
10303
10304
10305
10306
10307
10308
10309
10311
10313
10314
10318
10319
10320
10323
10326
10327
10328
10329
10330
10331
10332
10333
10335
10336
10338
10339
10342
10344
10345
10346
10347
10348
10352
10355
10356
10357
10359
10360
10361
10362
10364
10366
10367
10368
10369
10370
10373
10375
10376
10377
10379
10382
10383
10384
10385
10386
10389
10391
10392
10393
10394
10395
10397
10398
10401
10402
10403
10404
10407
10408
10409
10410
10414
10415
10416
10417
10418
10419
10421
10422
10423
10425
10427
10428
10429
10430
10431
10433
10434
10436
10437
10438
10441
10444
10447
10448
10449
10450
10453
10454
10457
10458
10461
10462
10464
10466
10470
10472
10474
10475
10476
10477
10478
10480
10481
10482
10484
10486
10487
10488
10490
10491
10492
10496
10497
10502
10504
10505
10506
10507
10508
10509
10510
10511
10512
10513
10514
10515
10517
10519
10521
10522
10524
10525
10527
10528
10529
10530
10532
10533
10534
10535
10536
10537
10538
10539
10540
10541
10542
10544
10545
10546
10547
10548
10550
10551
10552
10553
10556
10557
10560
10561
10562
10563
10567
10568
10569
10570
10571
10572
10573
10574
10575
10576
10578
10579
10580
10583
10584
10586
10587
10588
10590
10591
10592
10593
10594
10595
10597
10600
10601
10602
10603
10604
10605
10606
10611
10612
10613
10614
10616
10617
10618
10619
10621
10625
10627
10630
10632
10634
10635
10640
10643
10644
10645
10647
10648
10649
10650
10652
10654
10655
10657
10661
10663
10665
10666
10671
10672
10673
10674
10675
10676
10678
10679
10684
10687
10688
10690
10691
10692
10693
10695
10696
10697
10699
10700
10701
10702
10703
10704
10708
10709
10711
10712
10713
10714
10715
10716
10717
10718
10722
10723
10725
10726
10727
10728
10729
10733
10735
10738
10741
10744
10745
10748
10749
10751
10752
10753
10754
10755
10757
10760
10762
10763
10764
10765
10767
10768
10769
10773
10777
10779
10781
10782
10783
10784
10786
10787
10788
10789
10792
10795
10797
10798
10800
10801
10803
10804
10805
10806
10807
10808
10809
10810
10812
10813
10814
10816
10819
10821
10823
10826
10827
10828
10829
10831
10834
10837
10839
10840
10848
10849
10851
10853
10855
10856
10857
10858
10862
10863
10864
10868
10869
10870
10872
10873
10877
10878
10880
10881
10883
10885
10889
10890
10891
10893
10895
10896
10897
10898
10899
10900
10901
10902
10903
10905
10907
10908
10909
10911
10912
10914
10917
10918
10920
10922
10923
10924
10926
10927
10928
10929
10938
10940
10941
10942
10943
10944
10947
10948
10950
10951
10953
10954
10956
10957
10958
10959
10961
10962
10963
10966
10970
10971
10973
10974
10975
10977
10979
10981
10982
10984
10985
10986
10988
10989
10990
10991
10992
10995
10997
10998
10999
11000
11001
11002
11003
11004
11005
11006
11008
11009
11010
11015
11016
11018
11019
11020
11021
11023
11024
11025
11026
11027
11028
11030
11031
11033
11035
11036
11037
11038
11040
11044
11045
11046
11048
11049
11050
11051
11052
11053
11054
11055
11056
11057
11058
11059
11060
11061
11062
11063
11064
11065
11066
11067
11068
11069
11070
11071
11072
11073
11074
11076
11079
11080
11081
11083
11084
11086
11087
11089
11090
11091
11092
11093
11094
11095
11096
11097
11098
11099
11100
11101
11102
11104
11105
11106
11107
11108
11109
11110
11111
11112
11114
11115
11116
11117
11118
11119
11120
11121
11122
11123
11124
11125
11126
11128
11129
11130
11131
11132
11134
11136
11137
11139
11140
11141
11144
11145
11146
11147
11148
11149
11150
11152
11153
11156
11157
11158
11159
11161
11162
11163
11164
11165
11166
11167
11168
11169
11170
11171
11172
11173
11174
11175
11179
11180
11181
11183
11184
11185
11186
11188
11189
11191
11192
11193
11194
11195
11196
11197
11198
11199
11201
11202
11203
11204
11205
11206
11207
11208
11209
11210
11211
11212
11213
11214
11215
11216
11218
11219
11220
11221
11222
11223
11224
11225
11228
11230
11231
11233
11234
11235
11236
11237
11238
11239
11240
11241
11242
11243
11245
11246
11247
11248
11252
11253
11254
11255
11256
11257
11259
11261
11262
11263
11265
11266
11267
11268
11269
11270
11271
11272
11273
11274
11275
11278
11279
11280
11281
11282
11285
11286
11287
11288
11290
11291
11292
11293
11294
11295
11296
11297
11298
11299
11300
11301
11303
11304
11305
11306
11307
11308
11309
11310
11311
11312
11313
11314
11316
11317
11318
11320
11321
11323
11326
11327
11328
11329
11330
11331
11332
11333
11334
11335
11336
11337
11338
11340
11341
11342
11343
11344
11345
11346
11348
11349
11350
11351
11352
11353
11354
11357
11359
11360
11361
11362
11363
11366
11367
11368
11373
11374
11375
11376
11377
11378
11380
11382
11384
11385
11387
11389
11391
11392
11394
11395
11396
11397
11398
11399
11400
11401
11402
11404
11405
11406
11408
11411
11412
11413
11414
11415
11416
11417
11418
11419
11420
11422
11423
11424
11425
11427
11428
11429
11430
11431
11432
11433
11434
11437
11438
11439
11440
11441
11442
11443
11446
11448
11450
11451
11452
11455
11456
11457
11458
11459
11460
11461
11462
11463
11464
11465
11466
11467
11469
11470
11471
11472
11474
11475
11476
11477
11478
11479
11480
11482
11483
11484
11485
11486
11487
11488
11489
11490
11491
11493
11494
11495
11496
11499
11500
11501
11502
11503
11504
11505
11506
11508
11509
11510
11511
11512
11513
11514
11516
11517
11519
11522
11523
11524
11525
11526
11527
11528
11529
11531
11533
11534
11535
11536
11538
11539
11540
11541
11543
11544
11545
11547
11548
11549
11551
11552
11553
11554
11556
11557
11558
11559
11560
11561
11562
11564
11565
11566
11567
11569
11570
11572
11573
11574
11576
11577
11578
11581
11582
11583
11584
11585
11586
11587
11588
11589
11590
11592
11593
11594
11596
11598
11601
11602
11603
11604
11605
11606
11607
11609
11610
11611
11613
11614
11616
11617
11618
11619
11620
11621
11623
11624
11625
11627
11628
11632
11634
11635
11637
11638
11639
11640
11641
11642
11643
11644
11645
11647
11648
11649
11650
11651
11652
11654
11655
11658
11659
11660
11661
11664
11665
11666
11668
11669
11670
11671
11672
11673
11674
11675
11676
11678
11679
11680
11682
11684
11685
11687
11688
11690
11691
11692
11693
11694
11695
11696
11697
11698
11699
11700
11701
11702
11705
11707
11708
11709
11711
11712
11713
11714
11716
11717
11718
11719
11721
11722
11723
11724
11725
11726
11728
11729
11730
11731
11732
11733
11734
11735
11736
11737
11740
11741
11742
11743
11744
11745
11746
11747
11748
11749
11750
11751
11752
11753
11754
11755
11756
11757
11758
11759
11760
11761
11762
11765
11766
11767
11768
11769
11770
11771
11773
11776
11778
11779
11781
11783
11785
11786
11787
11788
11789
11791
11792
11793
11794
11795
11796
11797
11798
11799
11800
11801
11802
11803
11804
11805
11808
11809
11810
11812
11813
11814
11815
11816
11817
11818
11819
11820
11821
11822
11823
11824
11825
11826
11828
11830
11831
11832
11833
11835
11836
11837
11838
11839
11840
11842
11844
11846
11847
11848
11849
11850
11851
11853
11854
11856
11857
11858
11859
11860
11861
11862
11863
11864
11865
11866
11867
11868
11872
11873
11874
11875
11876
11877
11878
11879
11880
11882
11883
11884
11885
11886
11887
11889
11890
11891
11893
11894
11896
11897
11898
11899
11900
11901
11903
11905
11908
11909
11911
11912
11913
11914
11915
11917
11918
11919
11920
11921
11922
11923
11925
11926
11928
11931
11932
11933
11934
11935
11936
11938
11939
11940
11941
11942
11943
11944
11946
11947
11948
11949
11950
11951
11952
11953
11954
11955
11956
11957
11958
11959
11960
11961
11963
11964
11965
11966
11967
11968
11969
11970
11971
11972
11973
11974
11975
11976
11977
11978
11980
11981
11982
11983
11984
11985
11986
11987
11988
11989
11991
11992
11993
11994
11996
11997
11998
11999
12000
12001
12002
12003
12004
12006
12007
12008
12009
12010
12011
12012
12013
12015
12018
12019
12020
12022
12023
12024
12025
12026
12028
12029
12032
12033
12035
12037
12041
12042
12046
12047
12048
12049
12053
12054
12055
12056
12057
12058
12059
12060
12062
12065
12067
12068
12069
12070
12071
12072
12073
12074
12075
12076
12077
12078
12080
12081
12082
12084
12085
12086
12087
12089
12090
12092
12093
12094
12095
12097
12098
12099
12101
12102
12103
12104
12105
12106
12107
12108
12109
12110
12111
12113
12115
12116
12117
12119
12120
12121
12122
12123
12124
12125
12126
12127
12128
12129
12130
12131
12132
12134
12135
12136
12137
12138
12139
12140
12144
12145
12146
12147
12148
12149
12150
12151
12152
12154
12155
12157
12159
12162
12164
12166
12167
12169
12170
12171
12172
12173
12174
12175
12176
12177
12178
12179
12180
12181
12182
12183
12184
12185
12186
12187
12188
12189
12190
12191
12192
12194
12196
12197
12199
12201
12202
12203
12204
12206
12207
12208
12210
12211
12212
12213
12214
12215
12216
12217
12218
12219
12220
12221
12222
12223
12224
12227
12228
12229
12230
12231
12232
12233
12236
12237
12239
12240
12241
12242
12244
12245
12246
12247
12248
12249
12251
12252
12253
12255
12256
12257
12258
12259
12261
12262
12263
12264
12265
12266
12267
12268
12269
12270
12271
12272
12273
12274
12275
12276
12277
12278
12279
12281
12282
12283
12284
12285
12287
12288
12289
12290
12291
12292
12293
12294
12295
12296
12297
12298
12300
12301
12302
12303
12304
12306
12308
12309
12311
12312
12314
12315
12316
12317
12318
12319
12321
12322
12324
12325
12327
12328
12329
12330
12331
12332
12333
12335
12337
12338
12342
12343
12344
12345
12346
12347
12348
12350
12351
12352
12353
12354
12356
12357
12358
12359
12360
12362
12363
12364
12365
12366
12367
12368
12369
12370
12371
12372
12373
12375
12376
12377
12378
12379
12380
12381
12382
12383
12384
12385
12387
12389
12390
12391
12392
12393
12395
12396
12397
12399
12400
12401
12402
12403
12404
12405
12406
12408
12409
12410
12412
12413
12414
12415
12416
12417
12418
12419
12420
12421
12422
12423
12424
12425
12426
12427
12428
12430
12433
12435
12436
12439
12440
12441
12442
12443
12444
12445
12446
12447
12448
12449
12450
12451
12452
12453
12454
12455
12456
12457
12458
12460
12461
12462
12463
12464
12465
12466
12467
12468
12471
12472
12474
12476
12477
12478
12479
12480
12481
12482
12483
12484
12485
12487
12492
12493
12495
12496
12497
12499
12500
12501
12502
12504
12505
12506
12509
12510
12512
12513
12514
12515
12516
12517
12519
12520
12521
12522
12524
12525
12526
12527
12528
12529
12530
12531
12533
12534
12535
12537
12538
12539
12540
12542
12547
12548
12549
12550
12551
12553
12555
12556
12557
12558
12559
12560
12561
12562
12563
12564
12565
12566
12570
12572
12573
12574
12575
12576
12577
12578
12580
12581
12582
12583
12584
12585
12586
12587
12588
12589
12590
12591
12592
12594
12595
12596
12597
12598
12599
12600
12601
12602
12603
12604
12605
12606
12607
12608
12610
12612
12613
12614
12616
12617
12618
12619
12621
12622
12623
12627
12628
12629
12631
12632
12633
12635
12636
12637
12638
12639
12640
12641
12642
12643
12645
12648
12649
12650
12651
12652
12653
12654
12655
12656
12657
12658
12659
12660
12664
12665
12666
12667
12668
12669
12670
12671
12672
12675
12676
12680
12682
12683
12684
12685
12686
12687
12688
12689
12690
12691
12692
12693
12694
12695
12696
12697
12698
12699
12700
12703
12704
12705
12707
12709
12710
12711
12712
12713
12714
12717
12718
12719
12720
12722
12723
12724
12726
12727
12728
12729
12730
12731
12732
12733
12734
12735
12736
12737
12739
12740
12741
12742
12743
12745
12746
12748
12749
12751
12752
12753
12754
12755
12756
12757
12758
12759
12760
12761
12762
12764
12766
12767
12768
12769
12770
12771
12772
12773
12774
12775
12776
12777
12779
12780
12781
12782
12784
12785
12787
12788
12790
12791
12792
12793
12794
12795
12796
12798
12799
12801
12802
12803
12805
12806
12807
12808
12809
12810
12813
12814
12815
12818
12820
12821
12822
12823
12824
12826
12827
12828
12829
12830
12831
12832
12833
12834
12835
12836
12837
12838
12839
12840
12842
12844
12846
12847
12848
12849
12850
12851
12852
12853
12854
12855
12856
12857
12858
12860
12861
12862
12863
12864
12865
12866
12867
12869
12870
12871
12872
12873
12874
12875
12876
12877
12878
12879
12880
12881
12882
12884
12885
12886
12887
12888
12889
12890
12891
12892
12893
12894
12895
12896
12897
12898
12900
12901
12902
12903
12904
12905
12906
12907
12909
12910
12911
12912
12913
12914
12915
12916
12917
12918
12919
12921
12922
12923
12924
12926
12927
12928
12929
12930
12931
12932
12933
12934
12936
12937
12941
12942
12943
12944
12945
12946
12948
12950
12951
12952
12953
12954
12955
12957
12958
12959
12960
12961
12962
12963
12964
12966
12967
12968
12969
12970
12972
12975
12976
12977
12978
12979
12980
12981
12982
12983
12984
12985
12986
12987
12988
12989
12990
12991
12992
12994
12995
12996
12997
12998
12999
13001
13002
13003
13004
13005
13006
13007
13008
13009
13010
13011
13012
13013
13014
13016
13018
13019
13020
13021
13022
13023
13024
13025
13026
13027
13028
13029
13030
13031
13033
13034
13035
13036
13037
13038
13040
13041
13042
13043
13044
13045
13047
13048
13049
13050
13051
13052
13053
13054
13055
13056
13057
13058
13059
13060
13061
13062
13063
13065
13066
13067
13068
13069
13070
13071
13073
13074
13075
13076
13077
13078
13079
13080
13081
13082
13083
13085
13086
13088
13089
13090
13091
13092
13093
13094
13095
13096
13097
13098
13100
13101
13103
13105
13106
13107
13108
13109
13110
13111
13112
13114
13115
13117
13118
13119
13120
13121
13122
13124
13126
13127
13128
13129
13131
13132
13133
13134
13136
13138
13139
13140
13141
13143
13144
13145
13146
13147
13148
13149
13150
13152
13153
13154
13155
13156
13159
13161
13162
13163
13164
13166
13168
13169
13172
13176
13178
13179
13180
13181
13182
13184
13186
13188
13189
13190
13191
13192
13193
13195
13196
13197
13198
13199
13201
13202
13203
13204
13206
13207
13208
13209
13210
13211
13212
13213
13215
13216
13217
13218
13219
13220
13221
13222
13223
13224
13226
13227
13228
13229
13230
13231
13232
13233
13234
13235
13236
13237
13238
13239
13241
13243
13244
13245
13246
13247
13248
13249
13250
13251
13252
13253
13254
13255
13256
13257
13258
13260
13261
13262
13263
13264
13265
13267
13268
13269
13270
13271
13272
13273
13274
13275
13276
13279
13282
13283
13284
13285
13286
13287
13288
13289
13290
13291
13292
13295
13296
13297
13299
13301
13302
13303
13304
13305
13306
13308
13309
13310
13311
13313
13314
13315
13316
13317
13319
13320
13321
13322
13324
13325
13326
13327
13328
13330
13331
13332
13334
13335
13336
13337
13338
13339
13340
13341
13342
13343
13344
13345
13346
13347
13348
13349
13350
13352
13354
13355
13356
13357
13360
13361
13362
13363
13365
13367
13369
13370
13373
13376
13377
13378
13380
13381
13382
13383
13384
13386
13387
13390
13391
13392
13393
13394
13396
13398
13399
13400
13401
13402
13403
13404
13406
13409
13410
13411
13412
13413
13414
13415
13416
13417
13418
13419
13420
13421
13422
13423
13424
13425
13426
13427
13429
13430
13431
13433
13434
13435
13436
13437
13438
13439
13440
13441
13443
13444
13445
13446
13448
13449
13450
13451
13452
13453
13454
13455
13457
13459
13460
13462
13463
13465
13466
13467
13468
13469
13470
13471
13472
13473
13474
13476
13477
13478
13480
13481
13482
13483
13484
13485
13486
13487
13488
13489
13490
13491
13492
13493
13494
13496
13498
13499
13501
13502
13503
13505
13506
13507
13508
13509
13510
13511
13512
13513
13515
13517
13518
13519
13520
13521
13523
13524
13527
13528
13529
13530
13532
13533
13535
13537
13539
13541
13542
13543
13544
13545
13546
13547
13548
13549
13550
13551
13552
13553
13554
13555
13556
13557
13559
13560
13561
13562
13563
13564
13565
13566
13567
13568
13569
13570
13571
13572
13573
13574
13575
13576
13577
13578
13579
13580
13581
13582
13583
13584
13585
13586
13587
13588
13589
13590
13592
13594
13595
13596
13598
13599
13600
13602
13604
13605
13606
13607
13610
13611
13612
13613
13614
13615
13616
13617
13618
13619
13620
13621
13622
13623
13624
13626
13627
13628
13629
13630
13632
13633
13634
13638
13639
13640
13641
13642
13643
13645
13647
13648
13650
13651
13652
13653
13654
13655
13656
13657
13658
13662
13665
13666
13667
13668
13670
13671
13672
13673
13674
13675
13677
13678
13679
13681
13682
13685
13686
13687
13688
13689
13690
13691
13692
13693
13694
13695
13696
13698
13699
13701
13705
13708
13709
13710
13711
13712
13714
13715
13716
13717
13718
13719
13720
13721
13723
13724
13725
13726
13727
13728
13729
13730
13731
13732
13734
13735
13736
13737
13738
13741
13742
13743
13744
13745
13750
