0
1
4
9
10
12
14
15
16
17
19
20
21
22
23
27
28
29
30
31
34
36
38
39
40
41
42
45
46
48
49
51
52
53
54
55
56
57
58
59
62
63
66
69
70
73
74
75
76
77
78
79
80
84
86
87
90
91
92
95
96
97
98
101
102
106
107
108
109
110
112
116
117
118
119
122
123
124
126
133
135
136
138
141
142
143
144
147
148
149
152
155
156
159
160
161
162
165
168
169
171
172
173
176
180
182
183
184
185
188
189
192
194
195
196
197
198
199
200
203
204
205
206
207
208
209
210
211
212
213
214
215
218
219
220
225
229
231
232
234
235
236
237
238
239
240
241
246
247
248
250
251
252
257
258
259
260
261
263
265
267
269
270
272
273
274
276
277
280
282
283
284
285
287
289
291
294
297
298
299
302
304
305
306
307
308
309
310
311
313
314
317
318
320
321
322
323
324
325
327
328
329
331
332
333
334
335
336
337
341
342
343
344
345
346
347
348
349
350
352
354
355
357
359
361
362
363
364
365
367
369
376
377
378
379
381
383
384
386
387
388
390
392
398
400
402
405
407
409
410
412
413
415
416
417
418
419
420
423
424
425
427
430
431
436
437
439
440
441
442
443
444
445
446
447
448
449
452
454
457
458
460
462
463
466
467
468
472
473
474
475
476
477
478
482
485
486
488
489
490
491
493
496
498
499
500
503
505
508
509
510
511
512
515
516
517
519
520
525
526
527
529
531
532
533
534
536
538
539
541
542
544
545
546
547
548
549
552
553
554
556
557
563
564
565
567
570
571
573
576
577
578
579
580
585
586
588
591
595
596
597
598
600
601
602
603
606
608
609
610
612
613
614
617
618
619
620
621
623
625
626
627
628
629
630
632
633
634
638
639
642
643
644
645
647
649
650
651
653
654
655
656
657
659
660
663
664
666
667
671
672
674
676
677
679
682
684
685
687
688
689
690
695
696
697
699
700
701
704
706
707
710
711
712
715
719
722
723
727
729
732
733
735
736
737
738
741
743
744
745
746
748
750
753
755
758
759
760
761
763
764
765
766
768
770
771
772
778
779
780
781
782
786
787
788
789
790
791
792
795
796
798
800
801
802
804
805
807
810
811
812
813
814
817
819
822
824
825
826
827
828
830
831
832
834
835
837
838
841
844
846
847
848
851
853
854
855
857
860
861
862
866
867
868
869
870
872
873
875
877
879
880
881
882
884
888
889
890
891
892
895
897
899
903
904
905
906
910
911
913
917
918
920
921
922
923
924
925
927
928
929
930
933
937
938
939
940
941
942
943
944
946
953
955
956
958
959
962
963
966
967
968
970
971
972
974
975
977
978
981
984
986
987
988
989
990
991
992
993
994
995
996
998
999
1000
1002
1003
1004
1005
1006
1008
1009
1012
1013
1014
1015
1016
1018
1019
1020
1021
1025
1027
1029
1031
1032
1033
1034
1035
1036
1037
1038
1039
1040
1041
1042
1043
1045
1050
1051
1052
1054
1055
1057
1059
1060
1061
1062
1063
1064
1066
1067
1068
1069
1071
1073
1074
1075
1076
1077
1081
1082
1083
1084
1086
1089
1091
1092
1093
1095
1096
1098
1099
1100
1103
1104
1105
1106
1107
1108
1112
1113
1114
1116
1117
1118
1120
1123
1125
1127
1128
1133
1134
1135
1138
1140
1142
1144
1145
1146
1148
1149
1151
1154
1157
1160
1161
1162
1164
1165
1166
1168
1169
1173
1174
1175
1176
1177
1178
1179
1180
1183
1184
1187
1188
1190
1192
1193
1194
1201
1202
1204
1205
1209
1210
1211
1213
1214
1220
1224
1226
1227
1228
1229
1230
1231
1233
1234
1236
1238
1239
1242
1243
1244
1246
1248
1249
1251
1253
1255
1256
1263
1264
1265
1266
1267
1268
1270
1271
1272
1273
1275
1276
1277
1278
1279
1280
1281
1283
1284
1285
1287
1288
1289
1290
1291
1296
1298
1299
1300
1301
1302
1303
1306
1307
1308
1309
1310
1311
1313
1314
1318
1319
1321
1322
1323
1327
1328
1329
1331
1333
1334
1336
1339
1340
1341
1343
1344
1345
1347
1348
1349
1350
1351
1352
1354
1355
1357
1359
1360
1363
1367
1368
1370
1371
1373
1374
1376
1379
1381
1382
1384
1386
1390
1391
1392
1394
1397
1398
1399
1400
1401
1403
1404
1405
1406
1407
1408
1409
1410
1411
1412
1413
1414
1415
1417
1420
1421
1422
1423
1424
1427
1429
1431
1434
1436
1437
1439
1440
1441
1443
1444
1453
1454
1455
1456
1457
1458
1459
1461
1462
1463
1464
1467
1469
1470
1471
1473
1474
1475
1478
1479
1480
1482
1484
1485
1486
1487
1492
1493
1494
1500
1503
1504
1506
1508
1509
1510
1511
1514
1515
1516
1517
1518
1519
1520
1523
1524
1525
1527
1528
1532
1533
1534
1535
1536
1537
1539
1540
1541
1542
1543
1544
1545
1546
1547
1548
1550
1552
1553
1554
1556
1557
1558
1559
1560
1562
1564
1565
1567
1574
1575
1577
1582
1583
1586
1587
1589
1591
1592
1594
1595
1596
1597
1598
1601
1602
1603
1604
1605
1607
1608
1610
1618
1619
1621
1622
1623
1624
1625
1626
1627
1628
1629
1632
1633
1634
1635
1637
1639
1640
1642
1643
1644
1646
1648
1650
1651
1653
1654
1655
1656
1657
1659
1662
1663
1665
1666
1668
1669
1671
1674
1675
1676
1680
1681
1682
1685
1686
1687
1689
1690
1691
1692
1695
1696
1698
1702
1704
1705
1706
1712
1713
1714
1716
1717
1718
1719
1722
1723
1726
1730
1732
1733
1734
1736
1738
1739
1741
1742
1743
1744
1747
1749
1751
1752
1753
1754
1755
1758
1761
1762
1768
1769
1770
1771
1773
1774
1776
1778
1779
1780
1782
1783
1784
1787
1788
1790
1793
1796
1797
1799
1802
1809
1810
1811
1812
1813
1814
1816
1819
1822
1825
1826
1827
1828
1829
1830
1833
1835
1837
1838
1842
1843
1845
1846
1847
1848
1849
1850
1851
1853
1854
1858
1860
1861
1864
1865
1867
1868
1869
1870
1871
1876
1879
1880
1882
1886
1887
1890
1892
1893
1895
1898
1900
1902
1903
1904
1905
1906
1909
1912
1913
1915
1917
1918
1919
1922
1925
1926
1927
1928
1931
1932
1933
1934
1935
1936
1937
1938
1940
1943
1945
1946
1947
1948
1950
1951
1953
1954
1957
1958
1960
1961
1962
1963
1965
1966
1967
1969
1971
1975
1976
1978
1979
1980
1981
1982
1983
1984
1985
1986
1988
1993
1994
1996
1999
2000
2001
2002
2003
2004
2008
2009
2011
2012
2014
2015
2016
2018
2019
2020
2021
2022
2023
2025
2026
2027
2029
2030
2031
2032
2034
2035
2036
2037
2039
2040
2041
2044
2045
2046
2050
2052
2053
2055
2057
2058
2061
2063
2064
2065
2068
2074
2076
2077
2078
2079
2080
2081
2082
2083
2084
2085
2086
2088
2089
2090
2092
2094
2095
2096
2099
2100
2101
2102
2103
2104
2105
2109
2110
2114
2115
2118
2119
2120
2121
2124
2125
2126
2127
2129
2130
2131
2132
2133
2136
2137
2139
2140
2141
2142
2144
2146
2147
2150
2151
2152
2154
2156
2158
2159
2162
2163
2164
2169
2170
2171
2172
2173
2174
2175
2176
2179
2181
2182
2183
2184
2186
2187
2188
2190
2193
2195
2196
2197
2198
2199
2200
2202
2203
2204
2205
2206
2208
2210
2212
2213
2215
2216
2217
2218
2219
2222
2223
2225
2227
2229
2231
2233
2234
2235
2236
2237
2238
2239
2241
2243
2244
2245
2246
2248
2250
2251
2252
2253
2254
2256
2257
2259
2262
2263
2264
2265
2266
2268
2270
2276
2277
2278
2279
2280
2281
2282
2283
2284
2286
2287
2288
2290
2292
2293
2295
2296
2297
2298
2300
2301
2303
2304
2305
2306
2307
2310
2311
2313
2314
2317
2318
2319
2321
2323
2325
2326
2327
2328
2329
2334
2335
2338
2340
2341
2343
2345
2348
2350
2352
2353
2354
2355
2356
2358
2361
2365
2366
2367
2368
2370
2371
2372
2373
2375
2376
2377
2381
2383
2387
2388
2390
2391
2392
2393
2395
2396
2398
2401
2403
2405
2406
2407
2408
2411
2412
2413
2415
2417
2419
2421
2422
2424
2425
2428
2429
2430
2432
2433
2434
2436
2437
2438
2441
2443
2444
2446
2447
2448
2449
2451
2452
2458
2459
2461
2464
2465
2466
2468
2469
2470
2471
2472
2473
2476
2478
2479
2482
2483
2486
2488
2489
2490
2492
2493
2495
2497
2498
2499
2500
2501
2502
2503
2505
2506
2509
2510
2511
2512
2514
2518
2520
2522
2524
2526
2528
2531
2533
2535
2536
2538
2541
2542
2543
2545
2546
2547
2549
2552
2554
2555
2557
2560
2561
2562
2563
2564
2567
2568
2570
2571
2573
2576
2578
2579
2581
2582
2584
2585
2586
2587
2591
2592
2593
2594
2598
2599
2600
2602
2606
2608
2609
2610
2611
2613
2614
2615
2616
2617
2622
2623
2625
2626
2627
2628
2635
2636
2637
2638
2639
2640
2642
2646
2653
2654
2655
2656
2659
2660
2661
2663
2668
2669
2670
2671
2674
2676
2677
2678
2679
2680
2681
2682
2684
2685
2686
2688
2689
2690
2691
2692
2693
2695
2696
2697
2700
2702
2707
2708
2709
2710
2711
2712
2714
2715
2717
2718
2719
2722
2724
2726
2727
2728
2729
2730
2731
2732
2733
2734
2735
2736
2737
2742
2743
2744
2745
2746
2747
2750
2753
2755
2756
2759
2760
2762
2764
2766
2769
2770
2772
2774
2775
2778
2779
2782
2785
2787
2788
2789
2791
2792
2793
2797
2798
2799
2802
2803
2804
2805
2806
2807
2808
2810
2811
2813
2816
2818
2819
2820
2822
2823
2824
2827
2828
2829
2830
2832
2833
2835
2836
2837
2839
2841
2845
2846
2851
2852
2853
2854
2855
2856
2857
2858
2861
2862
2863
2866
2868
2869
2870
2872
2873
2874
2878
2880
2881
2883
2884
2885
2886
2887
2888
2892
2893
2894
2895
2897
2898
2900
2902
2904
2905
2908
2910
2911
2912
2913
2916
2917
2919
2920
2922
2923
2924
2925
2926
2927
2928
2930
2931
2932
2933
2934
2935
2938
2939
2940
2941
2943
2944
2945
2946
2948
2949
2951
2954
2956
2958
2959
2961
2963
2964
2965
2967
2968
2969
2970
2971
2974
2975
2976
2977
2978
2979
2981
2983
2985
2987
2990
2991
2992
2993
2996
2998
3000
3001
3003
3004
3006
3007
3008
3012
3014
3015
3016
3017
3018
3020
3021
3022
3023
3025
3026
3027
3028
3029
3030
3031
3032
3033
3034
3035
3037
3040
3041
3042
3044
3047
3048
3050
3052
3054
3056
3059
3060
3061
3062
3065
3066
3068
3069
3070
3071
3073
3074
3076
3080
3081
3083
3084
3085
3088
3089
3090
3091
3092
3093
3095
3096
3097
3098
3103
3104
3105
3106
3108
3109
3110
3111
3115
3116
3119
3120
3123
3125
3127
3128
3129
3130
3131
3132
3134
3140
3141
3142
3143
3146
3150
3151
3153
3157
3158
3162
3166
3169
3170
3171
3172
3174
3175
3178
3179
3180
3181
3182
3183
3184
3185
3186
3187
3188
3190
3192
3193
3194
3196
3197
3200
3201
3202
3204
3205
3206
3207
3211
3212
3213
3216
3217
3218
3220
3221
3223
3227
3235
3241
3248
3249
3250
3251
3252
3253
3254
3257
3258
3259
3260
3262
3263
3267
3269
3272
3273
3274
3276
3277
3279
3280
3281
3282
3283
3285
3286
3288
3289
3291
3292
3293
3295
3296
3297
3299
3300
3301
3303
3304
3306
3312
3313
3315
3316
3319
3321
3323
3324
3325
3327
3328
3330
3331
3333
3335
3336
3337
3338
3339
3340
3341
3342
3343
3345
3346
3347
3348
3349
3352
3353
3356
3357
3360
3361
3362
3364
3365
3366
3368
3372
3373
3374
3377
3378
3380
3381
3383
3388
3389
3391
3393
3396
3397
3400
3401
3402
3403
3404
3406
3408
3409
3413
3417
3418
3421
3425
3426
3427
3429
3431
3432
3435
3437
3439
3440
3441
3442
3443
3444
3445
3448
3449
3450
3453
3454
3456
3458
3459
3462
3466
3468
3471
3472
3475
3476
3477
3479
3481
3483
3486
3487
3488
3489
3490
3491
3494
3495
3496
3497
3500
3503
3504
3505
3507
3509
3510
3516
3520
3521
3522
3525
3526
3528
3529
3530
3531
3533
3538
3539
3540
3541
3542
3544
3545
3546
3548
3550
3551
3557
3558
3559
3560
3561
3564
3566
3568
3573
3574
3575
3579
3580
3584
3587
3588
3591
3592
3594
3596
3597
3600
3602
3605
3608
3609
3610
3612
3613
3616
3617
3618
3621
3623
3624
3625
3627
3629
3630
3631
3632
3634
3635
3636
3638
3640
3643
3645
3646
3647
3648
3649
3652
3653
3654
3655
3656
3657
3659
3660
3661
3663
3664
3665
3666
3667
3668
3669
3670
3671
3672
3675
3677
3679
3680
3681
3683
3684
3686
3691
3692
3693
3695
3696
3699
3701
3702
3703
3704
3705
3706
3708
3710
3711
3715
3716
3717
3718
3720
3721
3722
3724
3725
3726
3728
3729
3730
3732
3733
3735
3736
3737
3738
3740
3742
3743
3744
3745
3747
3748
3749
3750
3751
3752
3753
3754
3755
3756
3757
3759
3760
3762
3765
3766
3769
3774
3776
3777
3778
3782
3785
3786
3787
3791
3793
3797
3799
3800
3801
3802
3803
3804
3805
3807
3808
3809
3810
3811
3813
3815
3816
3820
3824
3825
3827
3829
3830
3834
3837
3838
3839
3840
3842
3845
3847
3849
3850
3852
3854
3855
3857
3859
3860
3863
3866
3867
3868
3869
3870
3871
3874
3875
3877
3879
3880
3881
3883
3884
3886
3887
3889
3890
3891
3892
3895
3896
3899
3900
3902
3906
3908
3909
3910
3911
3912
3913
3914
3916
3917
3919
3920
3921
3924
3925
3926
3927
3932
3933
3934
3935
3936
3939
3942
3943
3946
3947
3948
3953
3955
3956
3957
3958
3961
3962
3964
3965
3966
3967
3969
3970
3971
3973
3974
3975
3976
3977
3978
3980
3981
3982
3983
3984
3985
3987
3988
3990
3991
3992
3996
3997
3998
3999
4001
4003
4005
4006
4007
4009
4010
4015
4017
4020
4025
4027
4028
4030
4032
4034
4037
4039
4041
4046
4053
4057
4059
4060
4061
4063
4064
4065
4068
4069
4070
4071
4072
4073
4081
4082
4086
4090
4091
4093
4095
4097
4098
4099
4100
4104
4105
4106
4108
4109
4111
4112
4114
4115
4121
4122
4123
4125
4127
4128
4129
4132
4136
4142
4143
4146
4148
4152
4153
4154
4156
4158
4159
4161
4165
4166
4169
4170
4171
4174
4175
4176
4177
4179
4180
4181
4182
4184
4186
4188
4189
4192
4193
4194
4195
4196
4197
4199
4200
4201
4202
4203
4204
4206
4207
4209
4210
4212
4213
4214
4215
4218
4223
4224
4226
4230
4231
4232
4233
4234
4235
4240
4241
4242
4244
4245
4249
4250
4251
4252
4255
4259
4260
4261
4262
4263
4265
4266
4270
4272
4275
4276
4279
4281
4283
4284
4287
4289
4290
4292
4294
4295
4296
4299
4300
4301
4303
4304
4305
4306
4308
4309
4312
4314
4315
4321
4322
4323
4326
4327
4328
4329
4331
4332
4333
4337
4343
4344
4346
4349
4350
4352
4353
4354
4356
4359
4360
4361
4362
4364
4367
4368
4370
4372
4376
4377
4378
4379
4380
4382
4384
4387
4392
4397
4398
4399
4404
4407
4408
4409
4410
4411
4412
4413
4415
4417
4418
4419
4420
4422
4423
4424
4427
4428
4429
4430
4431
4432
4433
4434
4435
4436
4437
4440
4441
4442
4445
4446
4450
4451
4452
4453
4455
4456
4461
4462
4463
4464
4465
4466
4468
4470
4472
4473
4474
4475
4476
4477
4481
4482
4483
4484
4485
4486
4488
4490
4492
4494
4497
4498
4502
4504
4505
4508
4509
4511
4512
4514
4515
4516
4517
4518
4519
4520
4521
4523
4524
4526
4529
4530
4531
4532
4533
4534
4537
4542
4546
4547
4548
4549
4550
4551
4552
4555
4557
4558
4559
4560
4561
4562
4565
4567
4570
4571
4572
4573
4574
4576
4577
4579
4580
4581
4582
4584
4586
4587
4588
4589
4590
4592
4593
4594
4595
4596
4597
4598
4600
4603
4604
4605
4606
4608
4609
4610
4611
4612
4614
4615
4621
4623
4624
4625
4629
4631
4632
4633
4634
4636
4637
4640
4641
4645
4646
4647
4650
4651
4653
4654
4656
4658
4660
4663
4664
4666
4668
4669
4671
4677
4681
4682
4683
4686
4687
4689
4693
4694
4695
4698
4701
4702
4703
4705
4707
4709
4710
4712
4716
4718
4723
4724
4725
4727
4730
4734
4737
4738
4741
4742
4744
4745
4747
4748
4749
4751
4752
4755
4756
4757
4758
4759
4762
4763
4764
4765
4766
4767
4768
4769
4770
4772
4773
4775
4776
4777
4778
4779
4782
4785
4787
4788
4790
4791
4793
4794
4795
4796
4797
4798
4799
4800
4801
4802
4806
4808
4810
4811
4812
4813
4817
4818
4820
4821
4822
4823
4826
4827
4831
4833
4834
4835
4836
4837
4839
4841
4842
4845
4846
4850
4851
4855
4857
4860
4861
4862
4863
4865
4866
4868
4869
4871
4873
4874
4875
4876
4877
4878
4879
4880
4881
4883
4884
4888
4890
4891
4892
4894
4896
4897
4898
4900
4902
4906
4909
4912
4913
4914
4915
4916
4917
4918
4920
4921
4922
4923
4927
4928
4929
4930
4931
4932
4933
4934
4935
4937
4938
4939
4940
4942
4943
4945
4948
4949
4950
4951
4952
4953
4956
4957
4959
4961
4963
4967
4968
4975
4976
4977
4979
4981
4982
4983
4984
4985
4986
4987
4988
4989
4990
4996
4997
4998
4999
5000
5004
5005
5009
5010
5011
5012
5013
5014
5016
5018
5019
5020
5021
5022
5023
5024
5025
5026
5028
5030
5031
5032
5036
5037
5039
5041
5042
5043
5046
5047
5050
5051
5052
5053
5054
5055
5059
5061
5063
5065
5066
5067
5071
5072
5073
5075
5077
5078
5080
5081
5083
5086
5088
5090
5094
5096
5097
5099
5100
5101
5105
5108
5110
5111
5113
5114
5115
5116
5117
5118
5121
5125
5126
5127
5129
5132
5135
5137
5139
5143
5144
5145
5147
5148
5149
5150
5151
5154
5156
5158
5160
5162
5163
5165
5166
5168
5170
5172
5174
5175
5177
5178
5179
5180
5181
5182
5183
5184
5186
5188
5189
5190
5191
5192
5193
5194
5196
5197
5198
5201
5202
5203
5204
5205
5208
5210
5214
5215
5217
5218
5219
5222
5223
5225
5227
5232
5233
5235
5236
5237
5240
5241
5242
5243
5244
5246
5247
5249
5250
5251
5252
5254
5256
5259
5260
5261
5263
5265
5266
5267
5268
5269
5270
5271
5272
5273
5274
5275
5280
5281
5282
5283
5284
5285
5287
5289
5290
5292
5294
5295
5297
5298
5299
5300
5301
5302
5304
5307
5310
5312
5313
5314
5316
5318
5319
5321
5322
5324
5325
5326
5327
5329
5330
5333
5337
5338
5339
5341
5343
5344
5345
5350
5351
5352
5354
5357
5358
5361
5362
5363
5364
5365
5367
5368
5370
5372
5373
5374
5378
5381
5382
5385
5386
5387
5388
5389
5393
5394
5396
5398
5402
5404
5405
5408
5411
5413
5414
5416
5418
5420
5422
5423
5425
5426
5427
5428
5429
5432
5436
5438
5440
5441
5444
5445
5449
5450
5451
5453
5455
5457
5458
5460
5461
5466
5467
5468
5469
5470
5473
5474
5475
5476
5479
5480
5482
5483
5484
5486
5488
5489
5490
5492
5495
5496
5497
5499
5500
5505
5506
5510
5512
5513
5514
5515
5518
5519
5520
5521
5522
5524
5525
5526
5527
5529
5531
5532
5533
5537
5538
5539
5540
5541
5542
5543
5548
5549
5550
5551
5552
5554
5555
5556
5557
5560
5562
5563
5564
5565
5566
5567
5569
5570
5573
5575
5576
5577
5580
5581
5582
5583
5585
5589
5590
5591
5592
5593
5595
5597
5598
5599
5600
5602
5603
5604
5605
5607
5610
5611
5612
5615
5617
5618
5621
5622
5623
5624
5625
5626
5628
5629
5630
5633
5636
5638
5640
5641
5643
5645
5647
5651
5655
5656
5657
5658
5659
5661
5662
5663
5664
5666
5667
5668
5669
5670
5671
5672
5674
5675
5678
5679
5680
5681
5683
5684
5686
5687
5688
5689
5690
5691
5692
5693
5695
5697
5698
5699
5700
5701
5702
5703
5705
5706
5707
5708
5711
5712
5713
5714
5717
5721
5722
5724
5726
5727
5728
5729
5730
5732
5734
5735
5738
5739
5742
5744
5746
5747
5749
5750
5752
5753
5754
5757
5760
5763
5765
5766
5767
5773
5775
5777
5779
5780
5781
5782
5783
5784
5789
5790
5794
5797
5799
5800
5801
5803
5805
5806
5807
5808
5810
5812
5815
5819
5820
5822
5823
5824
5825
5828
5829
5830
5831
5832
5833
5835
5836
5837
5838
5839
5840
5841
5842
5843
5845
5846
5848
5849
5852
5853
5857
5858
5860
5862
5865
5869
5873
5876
5881
5883
5886
5891
5892
5893
5894
5896
5898
5901
5902
5903
5904
5905
5908
5910
5915
5916
5918
5919
5920
5921
5923
5925
5926
5928
5929
5931
5932
5934
5935
5936
5939
5940
5941
5943
5945
5946
5947
5948
5951
5954
5955
5956
5957
5958
5960
5962
5965
5966
5968
5969
5971
5972
5973
5975
5976
5977
5978
5982
5983
5984
5987
5988
5990
5993
5995
5996
5997
6001
6003
6004
6005
6007
6013
6014
6015
6016
6018
6019
6020
6022
6023
6025
6026
6028
6032
6034
6036
6037
6039
6040
6041
6042
6044
6047
6049
6050
6054
6055
6056
6058
6059
6060
6061
6062
6063
6065
6069
6070
6073
6074
6075
6076
6077
6078
6080
6081
6084
6085
6086
6087
6088
6089
6090
6091
6093
6094
6096
6104
6105
6108
6109
6110
6111
6113
6115
6116
6117
6118
6120
6122
6123
6124
6125
6127
6132
6133
6134
6137
6138
6139
6140
6142
6143
6145
6147
6148
6149
6150
6152
6153
6155
6157
6158
6159
6161
6162
6163
6165
6166
6167
6169
6170
6171
6172
6173
6174
6175
6176
6177
6180
6182
6183
6185
6186
6187
6189
6190
6193
6196
6197
6201
6202
6203
6206
6208
6209
6210
6212
6213
6215
6216
6218
6219
6222
6225
6227
6229
6232
6233
6234
6236
6237
6238
6240
6243
6244
6245
6246
6247
6248
6249
6253
6254
6255
6257
6258
6261
6264
6265
6266
6268
6271
6272
6276
6277
6278
6280
6282
6284
6285
6286
6287
6288
6289
6292
6293
6294
6296
6297
6298
6299
6304
6307
6309
6310
6311
6312
6314
6316
6317
6318
6319
6322
6323
6324
6325
6329
6332
6334
6335
6336
6337
6338
6339
6340
6343
6347
6348
6349
6350
6351
6353
6355
6356
6357
6358
6359
6361
6362
6363
6364
6366
6367
6368
6369
6370
6371
6372
6373
6374
6375
6377
6379
6382
6383
6384
6386
6387
6388
6389
6390
6392
6395
6396
6398
6400
6401
6404
6405
6408
6409
6410
6411
6413
6415
6418
6419
6427
6428
6429
6431
6433
6434
6436
6439
6440
6441
6442
6444
6445
6447
6451
6452
6454
6455
6456
6458
6462
6464
6466
6467
6468
6471
6472
6475
6476
6477
6478
6480
6483
6484
6485
6486
6488
6489
6490
6492
6493
6496
6497
6499
6500
6501
6502
6503
6504
6505
6506
6508
6509
6510
6511
6512
6513
6515
6516
6519
6520
6521
6522
6523
6524
6525
6526
6527
6528
6529
6530
6531
6532
6533
6534
6536
6538
6539
6540
6544
6545
6547
6548
6549
6550
6551
6552
6554
6557
6558
6559
6560
6561
6564
6565
6566
6567
6569
6570
6571
6572
6573
6577
6579
6580
6581
6587
6589
6592
6594
6595
6597
6598
6599
6600
6604
6605
6608
6609
6611
6613
6614
6616
6617
6618
6619
6621
6622
6623
6624
6626
6627
6628
6629
6631
6634
6635
6636
6638
6640
6642
6643
6645
6648
6649
6651
6652
6653
6654
6655
6658
6659
6661
6663
6664
6665
6668
6671
6672
6673
6674
6677
6679
6680
6681
6682
6683
6684
6685
6686
6687
6688
6691
6692
6693
6694
6698
6699
6700
6701
6702
6705
6706
6707
6708
6710
6711
6712
6713
6714
6715
6717
6720
6721
6723
6724
6725
6727
6728
6731
6732
6734
6735
6737
6740
6741
6742
6743
6745
6747
6748
6749
6750
6752
6753
6754
6755
6759
6761
6762
6763
6767
6768
6769
6770
6774
6775
6777
6778
6780
6782
6783
6784
6787
6788
6789
6790
6791
6792
6793
6794
6795
6796
6797
6798
6800
6801
6802
6804
6807
6808
6809
6810
6811
6812
6813
6814
6815
6817
6819
6822
6823
6826
6827
6828
6829
6830
6831
6832
6833
6834
6836
6837
6839
6840
6842
6845
6846
6848
6850
6851
6852
6854
6855
6856
6858
6859
6860
6862
6863
6866
6868
6869
6870
6873
6874
6876
6877
6879
6880
6881
6882
6884
6885
6886
6887
6889
6890
6892
6893
6894
6898
6900
6901
6902
6903
6904
6906
6908
6911
6913
6916
6919
6920
6922
6923
6924
6926
6930
6932
6933
6934
6935
6938
6939
6941
6943
6945
6948
6951
6952
6956
6957
6958
6959
6960
6961
6962
6963
6965
6966
6967
6968
6969
6970
6971
6972
6973
6974
6976
6977
6979
6981
6983
6984
6987
6989
6990
6992
6994
6996
6997
6999
7000
7001
7004
7006
7009
7010
7011
7012
7013
7015
7016
7018
7021
7024
7026
7027
7028
7029
7031
7032
7034
7035
7036
7038
7039
7040
7045
7047
7048
7054
7055
7057
7059
7060
7061
7062
7063
7064
7065
7066
7067
7068
7069
7070
7072
7077
7079
7080
7083
7084
7085
7086
7087
7088
7091
7093
7094
7098
7100
7101
7102
7103
7105
7106
7108
7109
7110
7111
7112
7114
7115
7118
7119
7120
7122
7123
7124
7125
7126
7127
7128
7129
7130
7131
7134
7138
7139
7140
7144
7147
7148
7150
7153
7154
7155
7156
7157
7159
7161
7162
7164
7165
7166
7167
7168
7169
7173
7174
7176
7178
7179
7180
7181
7183
7186
7190
7191
7192
7193
7194
7195
7196
7200
7201
7205
7206
7207
7208
7209
7211
7212
7213
7215
7216
7217
7218
7220
7225
7226
7227
7228
7229
7230
7231
7233
7235
7236
7238
7239
7240
7241
7243
7246
7249
7251
7253
7255
7257
7258
7259
7260
7261
7262
7264
7265
7266
7268
7273
7275
7276
7277
7278
7279
7280
7283
7285
7287
7289
7290
7292
7293
7294
7295
7297
7300
7301
7302
7303
7305
7307
7308
7312
7313
7314
7315
7316
7318
7322
7324
7326
7327
7328
7329
7330
7331
7333
7334
7336
7337
7338
7339
7341
7342
7343
7344
7345
7346
7348
7349
7350
7351
7352
7356
7357
7358
7359
7361
7363
7365
7366
7367
7369
7370
7372
7374
7375
7377
7380
7381
7382
7385
7388
7389
7390
7391
7392
7393
7394
7398
7399
7400
7401
7402
7403
7405
7407
7408
7410
7411
7412
7414
7415
7416
7417
7418
7419
7423
7424
7425
7428
7429
7430
7431
7434
7435
7436
7437
7438
7441
7443
7445
7447
7449
7451
7455
7456
7457
7458
7461
7462
7464
7467
7468
7470
7474
7476
7477
7479
7480
7481
7482
7483
7488
7489
7490
7493
7494
7495
7496
7497
7498
7499
7500
7503
7505
7507
7508
7509
7511
7513
7515
7516
7517
7518
7520
7523
7524
7525
7531
7532
7533
7537
7538
7541
7543
7545
7547
7548
7549
7550
7551
7554
7559
7560
7562
7566
7567
7568
7569
7574
7575
7579
7580
7581
7582
7584
7585
7588
7590
7595
7597
7598
7599
7600
7601
7602
7604
7605
7606
7608
7609
7610
7612
7613
7614
7615
7617
7618
7619
7620
7623
7625
7627
7628
7629
7630
7632
7634
7637
7639
7643
7644
7645
7646
7647
7648
7649
7652
7654
7655
7656
7657
7658
7661
7663
7664
7665
7666
7667
7668
7669
7671
7675
7677
7679
7681
7682
7684
7685
7686
7687
7688
7689
7692
7696
7699
7700
7701
7704
7705
7709
7710
7711
7713
7716
7718
7719
7720
7721
7722
7724
7725
7726
7727
7728
7731
7732
7735
7736
7738
7741
7743
7744
7745
7746
7749
7750
7753
7754
7755
7757
7759
7762
7765
7766
7767
7768
7770
7773
7778
7779
7780
7781
7782
7787
7788
7789
7790
7792
7793
7795
7796
7798
7799
7801
7802
7804
7805
7807
7809
7811
7812
7813
7814
7815
7816
7817
7819
7820
7822
7824
7826
7827
7828
7830
7831
7832
7833
7835
7836
7837
7838
7841
7842
7845
7849
7851
7852
7853
7856
7857
7858
7859
7862
7864
7865
7866
7867
7869
7870
7871
7872
7873
7875
7876
7878
7879
7884
7887
7889
7890
7891
7895
7896
7897
7898
7901
7904
7905
7906
7907
7909
7911
7912
7913
7915
7917
7919
7920
7922
7923
7924
7927
7928
7929
7931
7932
7936
7939
7941
7943
7944
7946
7947
7948
7950
7951
7953
7954
7957
7960
7962
7963
7965
7966
7968
7970
7972
7975
7977
7979
7982
7983
7984
7986
7987
7988
7989
7991
7993
7996
7997
7998
7999
8000
8001
8004
8005
8006
8007
8008
8010
8011
8012
8016
8017
8018
8020
8021
8025
8028
8029
8030
8031
8034
8035
8036
8039
8040
8041
8042
8046
8047
8049
8051
8052
8053
8054
8055
8056
8058
8060
8061
8062
8063
8064
8065
8066
8067
8068
8069
8071
8078
8079
8080
8082
8085
8086
8087
8089
8090
8092
8094
8095
8097
8098
8099
8104
8105
8106
8107
8108
8113
8114
8116
8122
8123
8125
8126
8128
8129
8133
8134
8135
8138
8139
8140
8141
8143
8146
8149
8150
8151
8152
8155
8157
8161
8162
8167
8168
8171
8172
8173
8174
8176
8177
8178
8180
8181
8182
8184
8186
8187
8188
8190
8191
8192
8193
8194
8196
8198
8199
8201
8203
8204
8207
8208
8211
8214
8215
8216
8217
8220
8226
8228
8229
8230
8232
8233
8235
8237
8238
8239
8240
8242
8243
8245
8246
8249
8251
8254
8256
8258
8259
8260
8262
8263
8264
8266
8267
8268
8270
8274
8275
8276
8278
8279
8280
8281
8282
8284
8285
8289
8290
8293
8294
8296
8297
8302
8304
8305
8307
8312
8314
8316
8319
8322
8323
8326
8330
8331
8335
8340
8342
8345
8348
8350
8352
8353
8357
8358
8359
8361
8362
8367
8368
8369
8370
8371
8372
8376
8377
8378
8379
8380
8381
8382
8384
8388
8389
8390
8391
8393
8394
8395
8396
8399
8400
8401
8403
8408
8409
8411
8412
8413
8414
8415
8417
8419
8420
8422
8423
8426
8427
8428
8430
8431
8435
8436
8437
8440
8442
8443
8446
8447
8449
8450
8451
8452
8454
8455
8456
8457
8459
8460
8461
8462
8463
8464
8465
8466
8467
8469
8471
8472
8473
8475
8476
8477
8478
8480
8481
8482
8483
8486
8487
8490
8492
8496
8497
8498
8499
8501
8503
8506
8507
8508
8510
8511
8513
8514
8516
8517
8518
8520
8521
8523
8524
8525
8528
8529
8531
8533
8534
8539
8540
8541
8542
8544
8548
8549
8551
8552
8553
8554
8558
8560
8562
8563
8564
8566
8569
8570
8571
8572
8573
8574
8576
8579
8580
8583
8584
8585
8587
8588
8590
8592
8593
8595
8597
8599
8600
8604
8606
8607
8608
8609
8610
8613
8614
8615
8616
8617
8618
8619
8621
8622
8623
8625
8627
8628
8632
8633
8634
8636
8637
8639
8640
8641
8642
8643
8646
8647
8649
8650
8651
8653
8654
8656
8657
8658
8660
8662
8663
8666
8667
8668
8675
8676
8677
8678
8679
8680
8681
8682
8685
8686
8687
8688
8690
8693
8694
8695
8696
8698
8701
8702
8704
8705
8706
8709
8710
8711
8712
8713
8714
8716
8718
8720
8721
8722
8724
8725
8726
8728
8730
8731
8733
8734
8735
8736
8738
8739
8740
8742
8743
8745
8749
8750
8754
8755
8756
8757
8759
8760
8761
8765
8766
8769
8770
8771
8773
8777
8778
8782
8783
8784
8786
8787
8788
8791
8792
8793
8794
8795
8796
8797
8798
8799
8801
8806
8807
8808
8809
8811
8814
8815
8816
8817
8819
8820
8821
8822
8824
8825
8826
8827
8828
8829
8830
8831
8832
8833
8836
8837
8838
8839
8840
8841
8842
8843
8845
8846
8847
8848
8849
8852
8853
8854
8856
8857
8858
8859
8862
8863
8864
8865
8868
8869
8870
8872
8873
8874
8875
8877
8878
8880
8881
8882
8884
8885
8886
8887
8890
8893
8895
8896
8898
8900
8901
8902
8905
8908
8912
8913
8914
8916
8917
8920
8921
8922
8924
8926
8927
8929
8930
8932
8933
8934
8935
8936
8939
8940
8944
8945
8946
8947
8948
8949
8953
8954
8958
8960
8963
8964
8966
8967
8968
8969
8970
8972
8974
8978
8979
8980
8981
8985
8986
8988
8989
8990
8991
8993
8995
8996
8998
9000
9001
9006
9007
9014
9015
9016
9017
9019
9022
9023
9024
9026
9027
9028
9034
9035
9036
9037
9039
9041
9042
9046
9048
9050
9052
9053
9054
9055
9056
9057
9060
9061
9062
9064
9066
9068
9074
9075
9077
9078
9083
9086
9089
9090
9093
9095
9099
9100
9103
9105
9106
9108
9115
9116
9119
9120
9122
9126
9129
9132
9135
9136
9137
9138
9140
9141
9142
9144
9145
9147
9149
9151
9153
9155
9156
9157
9158
9160
9162
9163
9164
9165
9166
9169
9171
9173
9174
9175
9178
9180
9181
9183
9185
9187
9189
9190
9192
9193
9194
9195
9198
9199
9200
9203
9204
9205
9206
9207
9208
9210
9213
9214
9215
9218
9220
9222
9223
9224
9225
9227
9228
9229
9230
9236
9238
9239
9242
9243
9245
9246
9249
9250
9252
9253
9255
9256
9257
9258
9259
9260
9261
9262
9264
9266
9267
9268
9269
9270
9271
9272
9274
9276
9277
9278
9280
9281
9283
9284
9286
9287
9288
9289
9291
9293
9295
9296
9297
9299
9300
9302
9303
9305
9308
9309
9314
9315
9316
9317
9318
9320
9324
9325
9326
9327
9328
9330
9331
9332
9334
9335
9337
9338
9339
9340
9342
9344
9345
9346
9350
9353
9354
9355
9356
9357
9359
9360
9361
9365
9366
9367
9368
9369
9372
9375
9377
9378
9379
9380
9381
9383
9384
9385
9386
9387
9388
9391
9392
9393
9394
9395
9396
9397
9398
9399
9400
9401
9402
9405
9408
9409
9410
9411
9412
9413
9414
9415
9416
9418
9420
9422
9423
9425
9426
9427
9430
9433
9435
9436
9439
9440
9441
9442
9444
9446
9447
9448
9449
9450
9451
9453
9454
9455
9456
9457
9458
9459
9461
9464
9465
9466
9467
9468
9469
9471
9475
9477
9478
9479
9480
9483
9484
9485
9488
9490
9491
9493
9497
9498
9501
9502
9503
9505
9508
9509
9510
9511
9512
9513
9514
9515
9517
9518
9521
9527
9528
9530
9532
9533
9534
9536
9538
9541
9542
9544
9545
9546
9549
9550
9551
9554
9555
9559
9562
9563
9564
9572
9573
9575
9579
9581
9582
9583
9584
9585
9587
9588
9589
9591
9592
9593
9594
9595
9596
9597
9598
9602
9604
9606
9608
9614
9615
9616
9617
9618
9620
9621
9625
9626
9627
9628
9629
9630
9632
9634
9635
9637
9639
9640
9641
9642
9643
9644
9645
9648
9649
9652
9653
9654
9656
9657
9660
9662
9664
9665
9666
9667
9669
9670
9671
9672
9674
9675
9678
9680
9685
9686
9687
9688
9689
9690
9693
9694
9695
9697
9698
9699
9700
9705
9706
9707
9708
9714
9715
9718
9719
9720
9721
9722
9724
9727
9728
9730
9731
9733
9735
9738
9739
9740
9741
9743
9745
9748
9752
9753
9755
9756
9757
9758
9761
9762
9763
9764
9766
9768
9769
9771
9772
9773
9774
9775
9776
9778
9779
9780
9781
9782
9783
9785
9786
9788
9789
9790
9793
9794
9795
9798
9799
9801
9803
9805
9806
9809
9810
9811
9812
9818
9820
9821
9823
9825
9826
9827
9829
9830
9831
9832
9835
9836
9837
9838
9839
9840
9841
9842
9848
9850
9852
9853
9854
9857
9859
9860
9862
9863
9865
9866
9867
9868
9870
9875
9876
9877
9879
9884
9885
9887
9888
9890
9892
9893
9894
9895
9896
9898
9900
9902
9905
9907
9908
9910
9911
9913
9916
9918
9920
9922
9924
9926
9928
9930
9931
9934
9935
9936
9937
9939
9941
9942
9947
9948
9952
9953
9954
9957
9960
9962
9963
9964
9967
9968
9969
9971
9973
9974
9976
9977
9979
9980
9981
9984
9988
9992
9993
9994
9995
10000
10002
10003
10004
10005
10006
10007
10009
10012
10013
10014
10015
10017
10018
10019
10020
10021
10023
10024
10025
10027
10028
10029
10031
10032
10033
10035
10037
10038
10039
10040
10041
10042
10043
10045
10046
10047
10048
10049
10054
10055
10058
10060
10062
10063
10064
10066
10067
10068
10072
10074
10076
10077
10079
10080
10081
10082
10083
10084
10087
10090
10091
10092
10094
10096
10097
10099
10100
10104
10106
10108
10109
10111
10112
10117
10118
10121
10122
10123
10124
10126
10127
10129
10130
10131
10136
10137
10138
10139
10140
10141
10143
10145
10146
10147
10148
10149
10152
10155
10156
10158
10160
10161
10162
10163
10165
10167
10168
10169
10171
10173
10174
10175
10176
10179
10181
10182
10185
10186
10187
10189
10190
10191
10193
10194
10196
10197
10198
10199
10200
10203
10204
10205
10206
10207
10209
10212
10214
10215
10216
10221
10222
10224
10225
10227
10228
10230
10231
10232
10233
10234
10235
10236
10237
10239
10241
10242
10243
10245
10246
10247
10248
10249
10250
10251
10254
10256
10257
10262
10263
10264
10265
10266
10267
10269
10272
10273
10274
10276
10277
10278
10279
10280
10281
10282
10285
10287
10288
10289
10292
10294
10295
10297
10299
10302
10306
10309
10310
10311
10312
10313
10314
10316
10317
10318
10319
10320
10321
10322
10325
10327
10329
10330
10331
10332
10333
10335
10336
10337
10338
10339
10340
10341
10343
10344
10346
10347
10348
10349
10350
10351
10354
10355
10356
10358
10359
10360
10362
10363
10365
10366
10367
10370
10371
10373
10374
10376
10378
10381
10382
10387
10389
10390
10391
10392
10393
10394
10395
10398
10404
10406
10410
10416
10417
10418
10419
10423
10426
10428
10433
10435
10436
10437
10438
10439
10440
10441
10444
10445
10446
10448
10450
10452
10454
10456
10457
10458
10459
10460
10461
10463
10465
10467
10469
10471
10473
10474
10477
10479
10481
10483
10484
10487
10490
10491
10493
10494
10495
10497
10498
10499
10501
10503
10508
10514
10516
10517
10518
10519
10520
10521
10522
10523
10525
10528
10530
10531
10532
10534
10535
10539
10541
10542
10548
10549
10550
10556
10558
10559
10561
10563
10565
10570
10571
10572
10576
10579
10580
10583
10585
10587
10588
10589
10592
10597
10598
10599
10602
10603
10604
10605
10606
10607
10608
10609
10610
10611
10612
10614
10615
10618
10619
10620
10621
10623
10625
10626
10628
10629
10630
10631
10633
10635
10636
10637
10638
10639
10640
10641
10644
10645
10647
10649
10653
10654
10655
10656
10657
10658
10659
10660
10662
10663
10664
10670
10672
10673
10674
10675
10676
10678
10680
10682
10683
10686
10687
10688
10689
10695
10697
10699
10700
10702
10704
10708
10710
10711
10713
10715
10720
10721
10722
10724
10725
10727
10729
10731
10732
10734
10737
10738
10741
10742
10743
10744
10745
10746
10748
10750
10751
10753
10757
10758
10759
10760
10761
10764
10766
10768
10769
10771
10772
10774
10775
10776
10778
10779
10781
10783
10784
10788
10789
10792
10794
10795
10796
10797
10799
10801
10802
10803
10806
10809
10810
10811
10812
10814
10817
10818
10820
10822
10824
10825
10827
10829
10830
10831
10835
10839
10840
10841
10843
10844
10846
10847
10849
10850
10852
10853
10855
10858
10859
10861
10862
10864
10865
10867
10868
10870
10872
10873
10875
10877
10878
10879
10881
10884
10886
10887
10888
10889
10892
10893
10894
10895
10899
10901
10902
10903
10906
10908
10909
10910
10911
10912
10913
10914
10915
10917
10918
10919
10923
10924
10925
10926
10928
10931
10932
10933
10934
10935
10936
10937
10939
10940
10941
10943
10945
10946
10947
10948
10949
10952
10954
10955
10956
10959
10960
10961
10962
10963
10964
10965
10966
10967
10968
10969
10970
10972
10974
10976
10977
10978
10979
10980
10981
10983
10984
10985
10986
10988
10989
10991
10992
10993
10994
10997
10998
11000
11001
11002
11003
11007
11008
11010
11011
11012
11013
11014
11015
11016
11017
11020
11022
11023
11024
11025
11026
11028
11029
11030
11031
11032
11033
11034
11035
11036
11037
11038
11039
11041
11042
11043
11044
11047
11049
11050
11051
11052
11054
11056
11057
11059
11061
11064
11066
11067
11068
11069
11070
11071
11072
11074
11075
11076
11077
11078
11079
11080
11082
11083
11084
11085
11086
11087
11088
11090
11091
11092
11094
11095
11096
11097
11098
11099
11101
11102
11103
11105
11106
11107
11108
11109
11111
11112
11113
11114
11115
11116
11117
11118
11119
11120
11121
11122
11123
11126
11127
11129
11131
11132
11133
11134
11135
11136
11137
11138
11139
11140
11141
11142
11143
11144
11145
11146
11147
11148
11149
11150
11151
11152
11154
11155
11156
11157
11158
11159
11160
11161
11162
11163
11165
11166
11167
11168
11170
11171
11172
11173
11174
11176
11177
11178
11179
11180
11182
11183
11185
11186
11187
11188
11189
11190
11191
11192
11193
11194
11195
11196
11197
11198
11199
11200
11201
11202
11203
11204
11206
11207
11208
11210
11211
11213
11214
11215
11217
11218
11219
11220
11221
11222
11223
11224
11225
11226
11227
11228
11229
11230
11231
11232
11233
11234
11236
11237
11238
11239
11240
11241
11242
11243
11244
11247
11249
11250
11251
11252
11253
11254
11255
11258
11259
11260
11261
11262
11263
11264
11265
11267
11270
11272
11274
11276
11277
11278
11280
11282
11283
11284
11285
11286
11287
11288
11289
11290
11291
11292
11293
11294
11295
11297
11298
11299
11302
11303
11304
11306
11307
11308
11311
11312
11314
11315
11316
11317
11318
11319
11320
11321
11322
11323
11324
11325
11326
11327
11330
11332
11333
11335
11338
11339
11340
11341
11343
11344
11345
11347
11348
11350
11353
11354
11355
11356
11358
11360
11361
11362
11363
11364
11365
11366
11368
11369
11370
11371
11372
11373
11374
11377
11379
11380
11381
11382
11383
11384
11386
11388
11389
11390
11391
11393
11395
11396
11397
11399
11400
11401
11402
11403
11404
11405
11406
11407
11408
11409
11410
11411
11412
11413
11415
11416
11417
11418
11420
11421
11422
11423
11424
11426
11427
11428
11430
11432
11433
11434
11435
11436
11437
11439
11440
11441
11442
11443
11444
11445
11446
11447
11448
11449
11450
11451
11452
11453
11454
11455
11456
11457
11458
11460
11462
11463
11464
11465
11466
11468
11469
11470
11471
11472
11473
11474
11475
11476
11477
11478
11479
11480
11481
11482
11483
11486
11488
11489
11491
11492
11493
11494
11495
11496
11497
11498
11499
11500
11501
11502
11503
11505
11506
11507
11511
11512
11514
11515
11516
11518
11519
11520
11521
11522
11523
11524
11527
11529
11530
11531
11532
11533
11534
11535
11536
11537
11538
11539
11540
11541
11542
11543
11544
11546
11547
11549
11550
11551
11552
11553
11554
11555
11556
11557
11558
11559
11560
11562
11563
11564
11565
11566
11567
11568
11569
11570
11571
11572
11574
11575
11576
11577
11578
11579
11580
11581
11583
11586
11588
11590
11591
11592
11593
11594
11595
11596
11597
11598
11599
11600
11601
11602
11603
11604
11605
11606
11607
11608
11610
11611
11612
11613
11614
11615
11616
11617
11618
11619
11622
11623
11624
11625
11626
11627
11628
11629
11630
11631
11632
11633
11634
11635
11636
11637
11638
11639
11640
11641
11642
11643
11645
11646
11647
11648
11649
11650
11652
11653
11656
11657
11661
11662
11663
11664
11665
11666
11667
11668
11669
11671
11672
11673
11674
11675
11676
11677
11678
11679
11680
11681
11682
11683
11684
11685
11686
11687
11689
11690
11691
11692
11693
11694
11695
11696
11697
11699
11700
11701
11702
11703
11704
11705
11706
11707
11708
11709
11710
11711
11712
11713
11714
11715
11717
11718
11719
11720
11721
11722
11723
11724
11726
11727
11728
11729
11730
11731
11733
11737
11738
11739
11740
11741
11742
11743
11745
11746
11747
11748
11750
11751
11752
11753
11754
11755
11757
11758
11759
11760
11761
11763
11764
11765
11766
11767
11769
11770
11771
11772
11774
11775
11776
11777
11778
11780
11781
11782
11783
11784
11785
11786
11787
11788
11789
11790
11792
11793
11794
11796
11797
11799
11800
11802
11803
11804
11805
11806
11807
11808
11810
11811
11812
11813
11814
11815
11816
11817
11818
11820
11822
11823
11824
11825
11826
11827
11828
11829
11830
11831
11832
11833
11834
11836
11837
11838
11840
11841
11842
11843
11844
11845
11846
11848
11849
11850
11852
11853
11854
11855
11856
11857
11858
11861
11862
11863
11864
11866
11869
11870
11871
11872
11875
11876
11877
11881
11882
11883
11884
11885
11886
11887
11888
11889
11890
11891
11892
11893
11895
11896
11898
11900
11901
11902
11904
11906
11907
11908
11909
11910
11911
11913
11914
11915
11916
11917
11919
11921
11922
11924
11925
11926
11927
11928
11929
11930
11931
11932
11934
11935
11937
11938
11941
11942
11944
11945
11946
11947
11948
11949
11950
11952
11954
11956
11957
11959
11961
11962
11963
11964
11965
11966
11967
11968
11969
11970
11975
11976
11977
11978
11979
11981
11982
11983
11985
11988
11989
11990
11991
11992
11993
11994
11995
11996
11997
11998
11999
12000
12001
12003
12005
12006
12007
12008
12009
12010
12011
12013
12014
12015
12016
12017
12019
12021
12022
12024
12025
12027
12028
12030
12031
12032
12033
12034
12036
12037
12038
12039
12040
12041
12042
12043
12044
12045
12046
12047
12048
12049
12050
12051
12052
12053
12054
12055
12056
12057
12059
12060
12061
12062
12063
12064
12065
12066
12067
12069
12070
12071
12072
12074
12075
12076
12077
12079
12080
12081
12082
12083
12088
12089
12090
12091
12092
12093
12094
12095
12096
12098
12099
12100
12101
12104
12105
12106
12107
12108
12109
12110
12112
12113
12114
12116
12117
12118
12119
12120
12121
12122
12124
12125
12127
12128
12129
12130
12131
12132
12133
12135
12136
12137
12138
12139
12140
12141
12142
12143
12145
12146
12147
12148
12149
12150
12151
12152
12153
12154
12155
12156
12158
12159
12160
12161
12163
12165
12167
12168
12169
12172
12173
12174
12175
12176
12177
12178
12179
12181
12182
12183
12184
12185
12186
12187
12188
12189
12190
12191
12192
12193
12194
12195
12197
12198
12199
12200
12201
12202
12203
12204
12205
12206
12207
12208
12209
12210
12211
12212
12213
12215
12217
12219
12220
12221
12222
12223
12224
12225
12226
12227
12228
12229
12231
12232
12234
12235
12236
12237
12238
12239
12240
12241
12242
12243
12244
12245
12246
12247
12250
12252
12253
12254
12255
12256
12257
12258
12259
12260
12262
12264
12266
12267
12269
12270
12271
12273
12274
12275
12277
12278
12279
12280
12281
12282
12283
12284
12285
12286
12287
12289
12290
12292
12293
12294
12295
12296
12297
12299
12300
12301
12302
12303
12304
12305
12306
12307
12308
12309
12310
12311
12313
12314
12315
12316
12318
12320
12321
12322
12323
12324
12325
12326
12328
12329
12330
12331
12334
12335
12336
12337
12338
12339
12340
12341
12342
12343
12344
12345
12346
12347
12348
12349
12350
12352
12353
12354
12355
12356
12357
12358
12361
12363
12364
12365
12366
12367
12368
12369
12370
12371
12372
12373
12374
12375
12376
12377
12379
12380
12382
12383
12384
12385
12386
12387
12388
12390
12392
12393
12394
12395
12396
12397
12398
12399
12400
12401
12402
12403
12405
12406
12407
12408
12410
12411
12412
12413
12414
12415
12416
12417
12418
12419
12420
12421
12422
12424
12426
12427
12429
12430
12431
12432
12434
12435
12436
12437
12438
12440
12441
12442
12443
12444
12445
12446
12447
12448
12449
12450
12451
12452
12453
12454
12455
12456
12457
12458
12459
12460
12462
12463
12464
12465
12466
12467
12468
12469
12470
12471
12472
12473
12474
12475
12478
12479
12480
12483
12484
12485
12486
12487
12488
12489
12490
12491
12492
12493
12494
12495
12496
12497
12498
12499
12500
12502
12503
12506
12507
12508
12510
12511
12512
12514
12517
12518
12519
12522
12523
12524
12525
12527
12528
12529
12530
12531
12532
12533
12534
12535
12536
12537
12538
12540
12541
12543
12544
12545
12546
12547
12548
12549
12551
12552
12553
12554
12555
12556
12557
12558
12559
12562
12566
12567
12568
12569
12570
12571
12572
12573
12574
12575
12577
12578
12579
12580
12581
12584
12585
12586
12587
12588
12590
12591
12593
12594
12595
12597
12598
12600
12601
12602
12603
12606
12607
12609
12610
12611
12613
12614
12615
12616
12617
12618
12620
12621
12622
12623
12624
12625
12626
12627
12629
12630
12632
12634
12636
12637
12638
12639
12640
12642
12643
12644
12645
12646
12647
12648
12651
12652
12653
12654
12655
12656
12657
12658
12659
12660
12661
12662
12663
12664
12665
12666
12668
12669
12670
12671
12673
12674
12676
12677
12678
12679
12681
12682
12683
12685
12686
12688
12689
12690
12691
12692
12694
12695
12696
12697
12698
12700
12701
12702
12703
12704
12706
12708
12709
12710
12712
12715
12716
12717
12718
12719
12720
12721
12724
12725
12726
12728
12731
12732
12734
12735
12736
12738
12739
12740
12741
12742
12743
12744
12745
12746
12747
12748
12750
12751
12752
12753
12754
12755
12756
12758
12760
12762
12763
12764
12765
12766
12767
12768
12769
12770
12771
12772
12773
12774
12775
12778
12779
12780
12781
12782
12783
12785
12786
12788
12789
12790
12792
12793
12794
12797
12798
12799
12800
12801
12803
12804
12805
12806
12807
12811
12812
12813
12814
12816
12817
12818
12819
12820
12821
12823
12825
12827
12828
12829
12830
12831
12833
12834
12836
12837
12838
12839
12840
12841
12843
12844
12845
12846
12847
12848
12851
12853
12855
12856
12857
12859
12860
12861
12862
12863
12864
12865
12866
12868
12870
12871
12874
12875
12876
12878
12880
12881
12882
12883
12884
12885
12886
12887
12891
12893
12895
12896
12897
12898
12899
12900
12901
12902
12906
12907
12908
12909
12911
12913
12914
12915
12916
12917
12918
12919
12920
12921
12923
12924
12925
12927
12928
12932
12933
12934
12935
12936
12937
12938
12939
12940
12941
12942
12943
12944
12946
12947
12948
12949
12950
12951
12953
12954
12955
12956
12959
12960
12961
12963
12964
12965
12966
12967
12968
12969
12970
12971
12972
12973
12974
12977
12978
12979
12983
12984
12986
12987
12988
12989
12993
12994
12996
12998
12999
13000
13001
13002
13004
13006
13007
13008
13009
13010
13015
13016
13017
13019
13021
13023
13026
13027
13028
13029
13030
13031
13032
13033
13034
13035
13037
13039
13040
13041
13042
13043
13044
13045
13046
13047
13048
13049
13050
13051
13053
13054
13055
13057
13058
13060
13062
13063
13064
13065
13066
13067
13068
13070
13071
13072
13073
13074
13075
13076
13078
13079
13081
13082
13083
13084
13085
13086
13087
13089
13091
13092
13093
13094
13095
13096
13097
13098
13099
13101
13102
13103
13104
13107
13108
13109
13110
13111
13112
13113
13115
13116
13117
13119
13120
13121
13122
13123
13125
13127
13128
13129
13130
13131
13132
13133
13134
13135
13136
13137
13138
13139
13141
13142
13143
13144
13146
13147
13149
13151
13152
13153
13154
13156
13157
13158
13159
13160
13161
13163
13164
13165
13166
13167
13168
13170
13171
13172
13173
13174
13175
13177
13178
13180
13181
13182
13183
13184
13185
13187
13189
13190
13191
13194
13195
13196
13197
13198
13199
13200
13201
13202
13203
13204
13205
13206
13207
13209
13210
13211
13212
13214
13216
13217
13218
13220
13221
13222
13223
13224
13225
13226
13228
13230
13231
13233
13237
13238
13239
13240
13242
13243
13244
13245
13247
13248
13249
13250
13251
13252
13253
13256
13257
13259
13260
13261
13264
13266
13268
13271
13272
13273
13274
13275
13276
13277
13278
13279
13280
13281
13282
13283
13284
13285
13286
13289
13290
13291
13293
13294
13295
13296
13297
13298
13299
13300
13301
13302
13304
13305
13306
13307
13308
13310
13311
13312
13313
13314
13318
13320
13321
13322
13323
13324
13325
13326
13327
13329
13330
13331
13332
13333
13334
13335
13337
13338
13339
13341
13342
13343
13344
13345
13346
13347
13349
13350
13351
13352
13353
13354
13355
13356
13357
13358
13359
13360
13362
13363
13364
13365
13366
13367
13368
13370
13371
13372
13373
13374
13375
13376
13378
13379
13382
13383
13384
13385
13386
13387
13388
13389
13390
13391
13392
13394
13395
13396
13397
13398
13399
13400
13402
13404
13405
13406
13407
13408
13409
13410
13412
13413
13414
13416
13421
13422
13423
13424
13425
13427
13428
13429
13430
13431
13432
13434
13435
13436
13438
13439
13441
13442
13443
13444
13445
13446
13447
13451
13453
13454
13455
13456
13457
13458
13459
13460
13461
13463
13464
13468
13469
13470
13471
13472
13473
13474
13475
13476
13477
13478
13479
13481
13484
13485
13486
13487
13488
13489
13490
13491
13493
13494
13495
13496
13497
13498
13499
13500
13501
13502
13503
13504
13505
13506
13508
13510
13511
13512
13513
13514
13515
13516
13518
13519
13520
13521
13522
13523
13525
13526
13528
13529
13531
13532
13533
13534
13535
13536
13537
13538
13539
13540
13541
13543
13544
13545
13546
13548
13549
13550
13552
13553
13557
13558
13559
13560
13561
13562
13563
13564
13567
13569
13570
13572
13573
13574
13576
13577
13578
13579
13580
13581
13582
13583
13586
13587
13589
13590
13591
13592
13593
13595
13597
13598
13599
13600
13601
13602
13603
13604
13606
13608
13609
13610
13614
13615
13617
13618
13619
13620
13621
13623
13624
13625
13627
13629
13630
13631
13632
13633
13634
13635
13636
13637
13639
13642
13643
13644
13645
13646
13647
13648
13649
13650
13651
13652
13653
13654
13656
13657
13659
13660
13661
13663
13664
13665
13666
13667
13668
13669
13670
13671
13672
13673
13674
13675
13676
13678
13680
13681
13682
13683
13684
13685
13686
13687
13688
13689
13690
13691
13692
13693
13694
13696
13697
13698
13699
13700
13701
13702
13703
13704
13705
13706
13707
13708
13709
13713
13714
13715
13716
13717
13718
13719
13720
13721
13722
13723
13724
13725
13727
13728
13729
13730
13732
13733
13734
13736
13737
13738
13739
13740
13741
13742
13743
13744
13745
13746
13747
13748
13749
13750
13751
