0
1
2
5
9
10
11
13
16
17
18
19
22
23
24
27
29
31
33
34
35
37
40
41
44
45
47
49
51
52
53
54
55
57
58
59
62
63
64
65
68
70
71
72
75
77
78
81
84
85
86
88
89
91
92
94
95
96
97
98
100
101
102
103
104
106
107
109
111
113
114
116
118
120
122
124
126
127
128
130
132
134
135
136
137
139
140
141
142
144
145
146
147
148
149
150
152
153
155
157
158
160
161
163
165
166
167
168
172
173
174
175
176
177
178
181
182
185
187
190
191
192
193
194
195
196
197
198
199
200
201
203
204
206
210
212
217
218
222
224
225
226
227
228
229
231
233
237
238
243
244
245
246
248
250
251
254
255
258
259
260
262
264
265
267
268
269
272
275
278
279
282
283
284
286
287
289
290
291
292
294
295
296
297
299
301
302
303
304
308
309
311
313
314
317
318
319
320
321
323
327
328
330
331
333
334
336
337
338
339
340
341
342
343
344
346
348
351
352
355
357
358
360
364
366
371
372
373
375
376
377
378
379
381
385
387
388
389
390
391
392
393
394
395
396
397
399
401
404
405
406
411
412
414
415
417
419
420
424
426
427
431
432
433
434
435
436
438
439
442
444
445
448
449
450
455
456
457
459
461
462
464
465
466
467
469
470
471
472
474
476
477
480
481
482
483
485
489
490
492
493
494
496
497
499
500
501
502
503
505
507
508
509
510
511
512
515
516
517
518
519
524
526
528
529
530
532
534
536
537
540
543
546
547
548
551
553
554
556
557
558
560
561
562
563
564
565
566
567
569
570
571
572
574
575
578
579
581
583
584
585
586
587
589
590
592
594
596
598
600
603
604
610
611
614
615
616
617
619
623
628
629
631
633
635
636
637
638
641
642
643
645
647
648
649
653
656
658
659
660
661
663
664
665
666
668
670
676
677
678
679
681
683
687
689
690
691
693
696
697
700
704
707
708
710
711
712
713
714
717
719
720
721
722
725
726
727
728
730
731
734
735
739
741
742
743
744
745
747
749
750
751
754
755
756
757
759
760
763
764
767
769
771
772
773
774
775
776
777
778
780
782
784
785
789
790
791
792
794
798
801
803
805
806
808
809
810
814
815
817
818
819
820
823
824
828
829
830
832
833
835
836
837
839
840
841
842
843
844
845
846
847
848
849
851
852
856
857
858
859
860
862
863
865
867
868
869
870
871
875
877
878
880
882
884
885
886
887
888
889
891
893
895
896
899
900
901
904
906
907
908
909
912
914
915
917
919
922
923
926
927
930
933
935
937
938
939
943
944
945
947
948
949
950
951
952
954
955
957
959
960
962
965
967
969
970
971
973
974
975
976
978
981
982
983
984
987
989
992
994
995
997
998
999
1001
1002
1004
1005
1006
1007
1008
1009
1012
1014
1015
1017
1018
1019
1020
1022
1023
1024
1025
1026
1028
1029
1030
1032
1035
1037
1038
1039
1042
1043
1045
1047
1048
1049
1053
1055
1056
1057
1060
1061
1063
1064
1065
1067
1069
1070
1071
1072
1073
1074
1075
1079
1080
1081
1082
1084
1087
1088
1089
1092
1093
1094
1095
1097
1098
1100
1101
1104
1105
1107
1108
1111
1113
1114
1115
1117
1118
1119
1121
1122
1123
1126
1127
1128
1130
1132
1133
1134
1135
1136
1137
1138
1139
1140
1141
1142
1143
1144
1145
1146
1147
1148
1149
1150
1151
1152
1155
1157
1158
1159
1160
1163
1164
1166
1167
1170
1171
1172
1173
1174
1175
1176
1177
1178
1181
1184
1185
1189
1195
1197
1200
1203
1205
1206
1208
1210
1211
1212
1214
1216
1218
1219
1220
1222
1223
1224
1226
1227
1228
1230
1231
1233
1234
1235
1237
1239
1240
1241
1243
1245
1250
1251
1252
1253
1257
1258
1259
1260
1261
1262
1265
1266
1269
1270
1271
1272
1273
1274
1276
1278
1279
1280
1281
1282
1283
1287
1288
1289
1290
1293
1295
1296
1297
1298
1299
1301
1302
1303
1305
1306
1309
1310
1311
1313
1314
1315
1317
1318
1321
1325
1326
1327
1329
1330
1331
1332
1333
1334
1335
1336
1337
1338
1340
1341
1342
1344
1345
1346
1347
1348
1349
1352
1353
1355
1358
1359
1360
1362
1363
1366
1369
1370
1371
1373
1375
1376
1377
1379
1381
1383
1384
1385
1386
1387
1388
1390
1391
1396
1397
1398
1400
1404
1408
1409
1410
1411
1413
1414
1415
1417
1418
1419
1420
1422
1423
1426
1428
1430
1432
1434
1435
1436
1439
1441
1443
1444
1445
1446
1449
1450
1452
1454
1456
1457
1459
1460
1461
1464
1465
1467
1468
1469
1470
1471
1472
1476
1480
1482
1483
1484
1486
1487
1488
1489
1490
1491
1493
1494
1495
1496
1497
1498
1499
1500
1501
1502
1503
1506
1507
1508
1509
1510
1512
1513
1517
1520
1522
1524
1526
1529
1531
1532
1533
1534
1536
1539
1548
1550
1551
1552
1554
1556
1558
1559
1561
1564
1565
1567
1569
1571
1572
1573
1574
1576
1577
1579
1580
1581
1582
1583
1584
1585
1587
1588
1589
1590
1591
1592
1593
1594
1595
1597
1598
1599
1601
1602
1604
1606
1607
1608
1612
1614
1615
1616
1620
1622
1627
1628
1631
1636
1637
1638
1643
1644
1647
1648
1649
1650
1655
1656
1657
1661
1662
1663
1664
1665
1666
1667
1668
1669
1671
1673
1675
1680
1681
1682
1683
1686
1687
1689
1690
1692
1693
1694
1700
1701
1702
1703
1705
1706
1707
1708
1709
1711
1712
1713
1714
1715
1722
1724
1730
1731
1732
1734
1735
1736
1740
1741
1743
1744
1746
1748
1750
1754
1755
1756
1759
1763
1764
1766
1770
1772
1773
1776
1777
1779
1781
1782
1784
1785
1786
1787
1789
1791
1794
1797
1798
1800
1803
1805
1806
1808
1809
1815
1821
1822
1823
1824
1826
1827
1829
1834
1836
1837
1838
1839
1841
1843
1844
1846
1847
1848
1850
1851
1854
1855
1856
1858
1859
1860
1864
1865
1866
1867
1869
1870
1873
1874
1875
1876
1877
1879
1880
1881
1883
1884
1886
1887
1889
1890
1894
1896
1897
1898
1899
1900
1901
1903
1904
1907
1911
1912
1915
1919
1920
1921
1922
1923
1924
1925
1927
1928
1930
1932
1935
1936
1938
1940
1941
1943
1945
1946
1947
1949
1956
1958
1960
1961
1962
1966
1967
1969
1970
1971
1972
1973
1974
1975
1976
1978
1980
1981
1983
1984
1985
1989
1990
1991
1993
1994
1995
1996
1997
1999
2000
2001
2002
2003
2004
2006
2009
2010
2011
2012
2013
2014
2016
2017
2018
2019
2020
2021
2023
2028
2031
2033
2035
2038
2039
2040
2041
2042
2043
2044
2045
2046
2047
2049
2050
2054
2057
2060
2061
2062
2063
2065
2066
2069
2070
2071
2072
2073
2074
2075
2076
2077
2078
2079
2083
2085
2086
2088
2089
2091
2093
2095
2096
2098
2100
2101
2104
2107
2108
2109
2112
2113
2115
2116
2117
2121
2122
2123
2124
2126
2128
2129
2130
2132
2133
2134
2135
2137
2138
2139
2141
2143
2144
2145
2146
2147
2148
2150
2152
2153
2154
2158
2159
2160
2161
2162
2163
2164
2165
2167
2170
2175
2177
2178
2179
2180
2181
2182
2189
2191
2192
2193
2194
2197
2198
2199
2200
2201
2202
2204
2206
2208
2209
2210
2212
2213
2214
2217
2218
2220
2221
2223
2225
2226
2227
2228
2229
2231
2236
2237
2240
2242
2243
2246
2247
2250
2252
2253
2260
2261
2262
2263
2266
2267
2269
2273
2274
2275
2276
2277
2278
2279
2280
2281
2288
2290
2294
2297
2300
2301
2302
2308
2309
2311
2312
2314
2318
2320
2321
2322
2323
2324
2325
2328
2330
2331
2332
2334
2337
2338
2339
2341
2342
2343
2345
2346
2347
2348
2351
2353
2354
2357
2358
2359
2360
2364
2366
2367
2368
2369
2370
2371
2373
2375
2378
2380
2384
2387
2389
2390
2392
2394
2395
2400
2405
2408
2409
2410
2411
2413
2415
2416
2417
2419
2420
2421
2422
2424
2426
2427
2429
2432
2433
2435
2436
2437
2439
2440
2442
2443
2445
2448
2449
2452
2456
2457
2458
2459
2460
2463
2464
2465
2466
2467
2470
2471
2474
2475
2476
2480
2481
2484
2485
2492
2494
2495
2496
2498
2499
2502
2504
2505
2506
2509
2510
2512
2513
2514
2515
2517
2519
2522
2523
2524
2525
2526
2529
2530
2531
2533
2534
2537
2538
2539
2540
2541
2542
2545
2546
2548
2549
2550
2551
2552
2553
2554
2555
2557
2558
2559
2560
2562
2563
2564
2565
2566
2567
2568
2569
2570
2571
2572
2573
2574
2576
2577
2578
2580
2582
2584
2586
2587
2588
2590
2592
2593
2595
2597
2599
2601
2603
2606
2608
2611
2612
2614
2615
2617
2619
2620
2621
2622
2625
2626
2627
2628
2629
2630
2633
2634
2635
2636
2637
2638
2639
2641
2643
2644
2645
2646
2647
2649
2650
2652
2653
2654
2655
2657
2659
2662
2664
2666
2669
2671
2673
2674
2676
2677
2678
2680
2683
2684
2685
2687
2688
2689
2690
2691
2692
2696
2697
2699
2700
2702
2703
2704
2706
2707
2709
2710
2714
2716
2717
2718
2721
2723
2724
2725
2726
2727
2729
2730
2731
2737
2738
2739
2740
2741
2742
2745
2748
2749
2750
2751
2752
2753
2755
2758
2761
2762
2764
2767
2769
2770
2772
2775
2777
2778
2780
2781
2783
2788
2790
2792
2793
2794
2795
2797
2798
2800
2801
2802
2803
2804
2806
2814
2815
2817
2818
2822
2823
2825
2826
2828
2831
2835
2836
2837
2839
2841
2844
2847
2848
2849
2850
2852
2855
2858
2860
2861
2863
2865
2866
2867
2868
2869
2870
2871
2872
2873
2874
2878
2879
2880
2883
2887
2890
2891
2892
2893
2896
2897
2898
2899
2900
2901
2902
2903
2904
2906
2907
2908
2910
2913
2914
2915
2916
2917
2921
2922
2924
2925
2926
2929
2930
2934
2935
2936
2937
2939
2940
2941
2942
2943
2946
2947
2948
2950
2952
2953
2955
2957
2959
2960
2961
2962
2966
2967
2969
2970
2972
2976
2977
2978
2979
2980
2981
2986
2987
2988
2990
2991
2992
2994
2995
2998
2999
3002
3005
3006
3007
3008
3009
3010
3011
3012
3013
3014
3015
3016
3020
3021
3023
3025
3026
3029
3030
3032
3033
3034
3035
3037
3038
3039
3040
3041
3043
3048
3050
3051
3052
3055
3056
3059
3061
3063
3064
3069
3071
3072
3073
3075
3077
3079
3081
3082
3083
3084
3087
3089
3090
3091
3094
3097
3099
3100
3102
3103
3104
3107
3108
3109
3110
3111
3112
3113
3114
3118
3119
3120
3123
3124
3127
3135
3136
3137
3141
3142
3143
3144
3145
3146
3147
3148
3150
3151
3154
3155
3157
3158
3159
3163
3164
3165
3166
3169
3170
3171
3172
3173
3176
3177
3179
3182
3183
3184
3187
3188
3189
3190
3191
3192
3193
3195
3196
3198
3199
3203
3204
3206
3208
3209
3210
3214
3215
3219
3220
3221
3222
3225
3227
3229
3230
3231
3233
3234
3235
3236
3240
3241
3243
3244
3246
3250
3251
3252
3254
3255
3256
3261
3263
3264
3266
3269
3271
3272
3273
3274
3276
3278
3281
3282
3284
3286
3287
3288
3290
3293
3294
3295
3296
3297
3298
3299
3300
3301
3302
3304
3305
3309
3314
3317
3318
3320
3322
3323
3327
3331
3333
3334
3335
3337
3339
3345
3346
3348
3350
3352
3353
3354
3355
3357
3359
3360
3361
3362
3363
3366
3369
3370
3372
3373
3375
3376
3378
3380
3382
3384
3385
3386
3387
3389
3390
3391
3393
3395
3397
3399
3401
3403
3404
3406
3407
3408
3410
3411
3412
3413
3414
3415
3416
3418
3419
3420
3421
3422
3423
3424
3426
3427
3429
3430
3431
3432
3436
3437
3438
3440
3441
3444
3447
3450
3451
3452
3453
3456
3457
3460
3461
3462
3463
3464
3465
3469
3471
3472
3473
3475
3476
3478
3482
3484
3485
3489
3490
3492
3496
3497
3498
3499
3501
3502
3505
3506
3508
3510
3511
3513
3514
3515
3516
3517
3519
3524
3525
3526
3528
3529
3531
3534
3535
3536
3539
3540
3541
3542
3543
3546
3547
3552
3553
3554
3555
3556
3557
3560
3561
3562
3564
3565
3566
3567
3568
3569
3571
3573
3577
3579
3581
3582
3583
3585
3586
3590
3591
3592
3593
3596
3597
3598
3599
3601
3603
3604
3605
3606
3609
3611
3612
3613
3614
3615
3619
3620
3621
3626
3628
3630
3631
3634
3636
3638
3641
3642
3643
3645
3648
3651
3652
3653
3656
3657
3659
3661
3663
3665
3667
3671
3673
3674
3676
3679
3681
3682
3685
3686
3687
3688
3690
3691
3694
3696
3697
3698
3700
3706
3708
3709
3710
3712
3713
3714
3716
3717
3720
3724
3726
3728
3729
3734
3735
3737
3739
3740
3741
3743
3746
3748
3750
3751
3754
3757
3758
3759
3760
3762
3763
3764
3765
3766
3767
3768
3769
3770
3771
3773
3774
3776
3777
3778
3779
3780
3781
3783
3784
3787
3788
3789
3790
3791
3792
3793
3796
3797
3798
3799
3801
3802
3803
3805
3807
3809
3810
3811
3812
3816
3817
3818
3819
3820
3821
3822
3824
3825
3826
3827
3830
3832
3834
3836
3837
3838
3839
3842
3844
3845
3848
3849
3850
3851
3854
3859
3861
3862
3863
3865
3868
3870
3871
3872
3873
3874
3875
3879
3881
3884
3885
3886
3889
3890
3891
3894
3898
3899
3903
3904
3905
3906
3907
3908
3911
3913
3916
3917
3918
3919
3920
3922
3923
3925
3926
3928
3929
3930
3931
3932
3934
3935
3937
3938
3939
3940
3941
3942
3943
3945
3946
3950
3952
3953
3954
3955
3956
3957
3958
3959
3960
3961
3962
3963
3964
3968
3969
3971
3972
3974
3975
3978
3979
3980
3985
3986
3987
3989
3990
3993
3994
3995
3997
3998
3999
4000
4001
4003
4006
4007
4008
4010
4013
4016
4018
4019
4020
4021
4022
4023
4025
4026
4028
4029
4035
4039
4040
4044
4047
4050
4052
4053
4054
4056
4057
4059
4063
4064
4065
4066
4068
4069
4072
4073
4074
4078
4081
4082
4086
4087
4088
4089
4091
4092
4093
4095
4096
4098
4100
4101
4102
4104
4107
4108
4110
4111
4112
4113
4115
4116
4117
4121
4122
4124
4126
4128
4129
4131
4132
4133
4135
4137
4138
4139
4140
4142
4144
4145
4147
4148
4149
4150
4151
4152
4154
4155
4156
4157
4159
4160
4162
4163
4167
4175
4177
4178
4180
4181
4182
4185
4186
4187
4190
4191
4192
4194
4198
4199
4200
4202
4205
4208
4209
4210
4211
4213
4214
4216
4217
4220
4221
4222
4223
4224
4225
4226
4227
4228
4229
4231
4232
4233
4235
4237
4238
4239
4240
4242
4243
4246
4247
4251
4252
4253
4255
4256
4258
4259
4262
4263
4264
4265
4267
4271
4272
4273
4274
4277
4278
4279
4280
4281
4284
4285
4289
4291
4292
4293
4294
4296
4297
4298
4301
4304
4305
4306
4307
4308
4310
4311
4312
4313
4314
4316
4317
4319
4320
4322
4323
4325
4326
4328
4330
4331
4332
4333
4334
4336
4337
4338
4339
4341
4342
4343
4344
4347
4348
4349
4352
4353
4355
4356
4357
4359
4360
4361
4362
4363
4366
4367
4368
4369
4370
4371
4372
4373
4374
4375
4376
4377
4378
4380
4381
4382
4385
4387
4388
4389
4390
4393
4395
4396
4397
4398
4402
4403
4404
4405
4406
4407
4409
4410
4411
4413
4414
4415
4417
4418
4422
4424
4425
4427
4428
4429
4431
4434
4438
4439
4445
4447
4450
4451
4452
4453
4456
4457
4459
4460
4462
4463
4464
4468
4469
4470
4471
4474
4476
4481
4483
4485
4486
4487
4488
4489
4491
4492
4495
4496
4498
4499
4500
4502
4503
4504
4505
4506
4507
4508
4509
4511
4513
4516
4517
4518
4521
4522
4523
4526
4527
4528
4530
4531
4532
4536
4537
4538
4540
4544
4545
4546
4548
4549
4551
4553
4554
4555
4556
4557
4558
4561
4562
4563
4566
4567
4568
4569
4571
4576
4578
4579
4580
4583
4585
4586
4588
4592
4594
4596
4597
4598
4599
4600
4601
4602
4604
4605
4606
4609
4610
4611
4612
4615
4616
4617
4618
4621
4622
4623
4624
4628
4629
4630
4631
4633
4635
4636
4637
4640
4641
4642
4643
4644
4645
4646
4647
4648
4650
4651
4652
4653
4655
4656
4657
4658
4659
4661
4665
4667
4668
4669
4670
4672
4678
4679
4680
4681
4682
4683
4684
4685
4686
4687
4691
4692
4693
4694
4696
4699
4702
4703
4706
4707
4710
4711
4713
4714
4715
4716
4717
4718
4719
4724
4725
4726
4730
4731
4732
4733
4734
4735
4736
4737
4738
4739
4742
4743
4744
4745
4748
4749
4751
4752
4753
4754
4755
4756
4757
4759
4760
4761
4762
4763
4765
4768
4770
4771
4773
4774
4775
4777
4779
4781
4783
4784
4786
4787
4788
4790
4791
4792
4796
4800
4801
4806
4807
4808
4809
4811
4814
4816
4817
4820
4822
4825
4826
4828
4830
4832
4833
4834
4835
4836
4838
4839
4840
4841
4844
4847
4848
4849
4850
4851
4852
4854
4855
4857
4858
4862
4866
4867
4868
4869
4870
4871
4872
4873
4874
4876
4877
4880
4883
4884
4885
4886
4887
4889
4890
4891
4892
4893
4894
4896
4898
4899
4900
4901
4903
4904
4905
4907
4908
4914
4915
4916
4917
4918
4919
4920
4921
4923
4924
4925
4926
4927
4930
4932
4934
4935
4936
4938
4939
4940
4941
4942
4943
4946
4947
4948
4950
4954
4955
4956
4958
4959
4961
4962
4963
4964
4965
4966
4967
4969
4973
4976
4978
4979
4980
4981
4982
4985
4986
4987
4988
4991
4992
4994
4996
4997
4998
4999
5000
5005
5007
5008
5010
5011
5013
5015
5016
5017
5019
5021
5023
5025
5026
5027
5028
5030
5033
5034
5035
5037
5038
5039
5040
5042
5043
5044
5046
5047
5048
5053
5054
5055
5056
5057
5060
5062
5063
5064
5067
5068
5069
5070
5071
5073
5074
5075
5078
5079
5080
5082
5088
5089
5091
5092
5093
5094
5097
5099
5101
5102
5104
5105
5106
5107
5110
5112
5113
5114
5115
5117
5119
5120
5121
5122
5123
5124
5125
5127
5129
5130
5132
5133
5135
5137
5139
5140
5141
5142
5143
5145
5146
5149
5150
5151
5152
5153
5155
5158
5159
5160
5162
5164
5165
5166
5168
5169
5170
5173
5175
5176
5177
5179
5183
5184
5185
5186
5188
5189
5191
5192
5193
5194
5195
5196
5197
5199
5200
5203
5204
5205
5206
5210
5211
5212
5213
5215
5216
5220
5221
5222
5224
5226
5228
5232
5234
5235
5237
5239
5240
5243
5244
5245
5246
5248
5249
5250
5253
5256
5257
5261
5262
5266
5268
5269
5272
5274
5276
5277
5280
5281
5282
5284
5285
5286
5287
5289
5291
5294
5295
5296
5298
5299
5300
5301
5302
5303
5304
5308
5309
5310
5312
5313
5314
5315
5316
5317
5318
5319
5320
5321
5323
5325
5328
5330
5331
5333
5334
5335
5336
5337
5338
5339
5340
5341
5342
5343
5344
5345
5347
5348
5350
5352
5353
5354
5355
5356
5357
5361
5362
5365
5366
5367
5368
5369
5372
5373
5374
5375
5377
5378
5379
5380
5381
5383
5384
5386
5388
5389
5390
5392
5394
5400
5402
5403
5405
5409
5412
5415
5417
5419
5421
5424
5426
5427
5429
5430
5431
5432
5433
5434
5437
5438
5439
5440
5441
5442
5443
5445
5446
5447
5448
5450
5451
5452
5454
5455
5457
5459
5462
5463
5464
5466
5467
5469
5471
5475
5477
5478
5479
5480
5481
5482
5484
5485
5486
5487
5488
5489
5490
5492
5493
5494
5495
5496
5497
5498
5499
5500
5501
5502
5504
5505
5507
5508
5509
5510
5513
5514
5518
5520
5522
5523
5526
5527
5528
5529
5530
5531
5532
5533
5534
5535
5539
5542
5544
5548
5549
5551
5552
5553
5555
5556
5558
5559
5560
5563
5565
5566
5568
5569
5571
5572
5573
5578
5579
5580
5581
5582
5583
5584
5587
5588
5591
5592
5595
5600
5603
5605
5606
5607
5608
5609
5611
5612
5613
5618
5619
5620
5621
5625
5627
5630
5634
5636
5637
5638
5643
5646
5648
5650
5652
5653
5654
5660
5664
5665
5666
5668
5670
5671
5675
5676
5678
5679
5684
5685
5686
5687
5688
5689
5691
5692
5693
5695
5696
5700
5703
5704
5706
5708
5710
5711
5714
5715
5717
5719
5720
5721
5723
5724
5725
5727
5730
5731
5734
5735
5736
5737
5738
5739
5740
5741
5742
5743
5744
5746
5748
5750
5751
5752
5753
5754
5756
5757
5758
5760
5761
5762
5764
5765
5767
5768
5771
5772
5774
5775
5776
5778
5779
5783
5785
5786
5787
5788
5789
5790
5791
5792
5793
5796
5799
5800
5801
5805
5810
5811
5813
5814
5815
5816
5821
5822
5823
5824
5825
5826
5827
5831
5833
5834
5835
5837
5838
5839
5846
5847
5848
5851
5852
5853
5854
5855
5858
5860
5863
5864
5866
5868
5870
5871
5872
5873
5875
5876
5877
5879
5881
5882
5883
5884
5885
5886
5887
5889
5890
5891
5892
5894
5895
5896
5897
5899
5900
5903
5904
5905
5906
5907
5908
5910
5911
5912
5913
5914
5918
5921
5923
5925
5926
5927
5930
5931
5932
5933
5935
5936
5937
5938
5943
5944
5949
5950
5952
5954
5955
5957
5959
5960
5961
5962
5963
5964
5965
5966
5967
5968
5969
5972
5973
5975
5977
5980
5981
5983
5984
5985
5988
5990
5991
5992
5994
5995
5996
5997
5998
5999
6002
6005
6006
6007
6008
6010
6013
6015
6018
6019
6020
6021
6022
6023
6024
6025
6027
6029
6030
6031
6032
6036
6037
6039
6040
6043
6044
6045
6048
6049
6050
6051
6053
6054
6055
6058
6059
6060
6062
6064
6065
6066
6068
6070
6071
6073
6077
6078
6079
6080
6081
6082
6083
6084
6085
6086
6087
6088
6090
6092
6095
6096
6097
6099
6102
6105
6106
6107
6108
6110
6111
6114
6115
6117
6119
6120
6121
6122
6124
6125
6126
6127
6129
6131
6135
6141
6146
6147
6148
6149
6151
6153
6154
6157
6158
6159
6160
6161
6163
6164
6165
6168
6170
6173
6175
6177
6178
6181
6184
6186
6187
6188
6191
6193
6194
6195
6196
6197
6198
6199
6200
6203
6204
6206
6207
6209
6210
6211
6213
6218
6219
6220
6223
6224
6226
6227
6228
6230
6236
6238
6239
6240
6241
6242
6245
6248
6249
6252
6253
6255
6256
6258
6259
6260
6261
6262
6267
6268
6269
6272
6274
6275
6276
6278
6283
6284
6285
6286
6287
6288
6290
6295
6299
6300
6301
6303
6304
6307
6309
6312
6313
6315
6318
6319
6320
6321
6322
6324
6326
6329
6331
6335
6338
6339
6340
6341
6342
6345
6346
6348
6349
6350
6352
6354
6357
6358
6360
6361
6362
6365
6367
6368
6371
6372
6374
6377
6378
6380
6381
6382
6385
6386
6387
6388
6389
6390
6391
6392
6394
6395
6397
6398
6401
6403
6404
6405
6406
6408
6409
6410
6412
6414
6417
6418
6419
6420
6421
6423
6426
6428
6431
6433
6435
6437
6438
6440
6441
6444
6445
6446
6447
6450
6451
6454
6456
6459
6461
6462
6465
6466
6468
6470
6471
6473
6474
6476
6477
6479
6480
6481
6482
6484
6485
6486
6487
6488
6489
6490
6491
6492
6493
6494
6496
6497
6498
6499
6500
6501
6504
6505
6506
6507
6509
6510
6513
6514
6515
6516
6517
6519
6520
6522
6523
6524
6527
6529
6530
6532
6535
6536
6537
6539
6540
6541
6544
6546
6547
6548
6549
6550
6552
6553
6556
6559
6560
6562
6564
6566
6567
6568
6569
6571
6574
6578
6579
6580
6582
6584
6585
6586
6587
6588
6589
6591
6593
6596
6597
6599
6600
6601
6606
6607
6608
6609
6610
6611
6613
6614
6615
6616
6618
6619
6622
6623
6625
6626
6631
6633
6635
6637
6638
6639
6640
6641
6642
6644
6647
6648
6649
6650
6652
6653
6655
6658
6659
6660
6661
6662
6663
6665
6666
6667
6671
6673
6676
6677
6678
6679
6683
6684
6685
6686
6687
6689
6690
6693
6695
6696
6698
6699
6701
6702
6703
6704
6705
6706
6707
6708
6710
6711
6712
6714
6716
6717
6718
6721
6726
6727
6729
6730
6731
6732
6734
6736
6737
6738
6739
6742
6743
6744
6745
6746
6747
6749
6750
6751
6752
6753
6757
6759
6761
6762
6765
6766
6768
6769
6770
6771
6772
6774
6775
6776
6779
6781
6782
6787
6788
6789
6791
6792
6795
6797
6798
6799
6801
6803
6804
6805
6807
6809
6810
6813
6814
6818
6819
6820
6821
6822
6824
6826
6827
6828
6830
6831
6833
6838
6839
6840
6842
6844
6846
6848
6849
6850
6852
6854
6856
6857
6858
6861
6862
6864
6868
6869
6871
6872
6873
6874
6875
6876
6877
6879
6881
6883
6884
6885
6887
6888
6890
6891
6892
6894
6896
6897
6899
6901
6902
6905
6907
6908
6911
6912
6913
6918
6919
6921
6922
6924
6925
6926
6929
6933
6934
6936
6940
6941
6946
6948
6949
6950
6951
6952
6954
6957
6959
6961
6962
6964
6965
6966
6970
6971
6972
6974
6976
6981
6982
6983
6984
6985
6986
6987
6989
6990
6991
6997
6998
7002
7003
7004
7005
7006
7007
7008
7009
7011
7014
7016
7017
7020
7021
7022
7023
7024
7025
7026
7027
7028
7029
7032
7035
7036
7037
7039
7040
7042
7051
7052
7053
7057
7060
7061
7062
7063
7064
7066
7067
7078
7079
7080
7081
7082
7084
7086
7087
7089
7090
7091
7092
7093
7097
7098
7100
7102
7103
7106
7107
7109
7111
7113
7114
7115
7117
7119
7121
7122
7123
7125
7126
7127
7128
7130
7132
7134
7135
7137
7138
7141
7143
7146
7147
7148
7150
7152
7154
7155
7156
7157
7158
7159
7161
7166
7168
7169
7170
7171
7173
7174
7175
7178
7179
7180
7184
7186
7187
7188
7190
7191
7195
7201
7203
7206
7208
7209
7210
7212
7214
7218
7221
7223
7224
7226
7228
7229
7230
7232
7233
7234
7235
7236
7239
7240
7241
7242
7244
7248
7250
7251
7252
7253
7255
7259
7261
7262
7268
7269
7270
7272
7274
7275
7276
7280
7282
7286
7287
7289
7290
7291
7292
7296
7298
7299
7301
7304
7306
7307
7309
7312
7313
7315
7317
7318
7320
7321
7323
7329
7331
7333
7334
7335
7336
7337
7340
7341
7343
7344
7349
7350
7351
7352
7354
7355
7357
7358
7359
7360
7361
7362
7364
7367
7368
7370
7374
7376
7377
7383
7384
7385
7387
7389
7397
7398
7400
7402
7407
7408
7410
7411
7412
7413
7414
7415
7416
7418
7419
7422
7423
7424
7426
7428
7429
7432
7433
7438
7440
7442
7443
7446
7447
7450
7452
7453
7455
7457
7460
7461
7463
7464
7465
7467
7468
7469
7470
7473
7474
7478
7479
7480
7481
7482
7484
7485
7490
7491
7492
7493
7494
7496
7497
7499
7500
7501
7502
7503
7504
7505
7506
7507
7508
7509
7510
7513
7515
7519
7520
7521
7523
7525
7526
7527
7530
7531
7532
7533
7534
7535
7536
7537
7540
7541
7542
7544
7548
7551
7553
7555
7556
7558
7559
7560
7561
7563
7567
7568
7569
7570
7571
7573
7574
7575
7578
7579
7580
7581
7582
7584
7586
7587
7588
7590
7591
7593
7595
7597
7598
7600
7601
7603
7607
7608
7609
7611
7613
7615
7616
7617
7620
7621
7622
7623
7625
7626
7630
7631
7632
7633
7634
7635
7637
7638
7640
7641
7642
7643
7644
7647
7649
7651
7654
7655
7657
7659
7660
7662
7664
7666
7667
7668
7669
7670
7673
7674
7676
7677
7678
7681
7682
7685
7687
7688
7690
7692
7693
7694
7695
7696
7698
7699
7702
7703
7704
7706
7707
7709
7712
7713
7714
7715
7716
7717
7718
7719
7720
7721
7723
7726
7728
7729
7730
7731
7733
7736
7737
7738
7739
7740
7742
7744
7745
7748
7749
7750
7751
7752
7753
7754
7755
7756
7759
7760
7762
7764
7765
7767
7770
7771
7772
7775
7776
7777
7778
7779
7783
7784
7785
7786
7787
7790
7792
7793
7794
7796
7798
7799
7800
7801
7802
7803
7805
7806
7808
7810
7812
7813
7816
7817
7818
7819
7820
7821
7825
7826
7830
7831
7832
7836
7839
7840
7842
7843
7844
7846
7848
7849
7850
7853
7854
7855
7856
7857
7858
7859
7861
7862
7863
7865
7866
7867
7868
7869
7872
7873
7874
7875
7876
7877
7878
7879
7880
7881
7882
7885
7886
7887
7888
7889
7890
7891
7898
7899
7902
7905
7906
7907
7908
7912
7913
7914
7917
7922
7924
7926
7927
7929
7931
7932
7933
7934
7935
7938
7939
7940
7945
7946
7947
7950
7951
7952
7954
7955
7956
7957
7958
7960
7961
7962
7963
7964
7965
7966
7967
7970
7971
7972
7973
7974
7975
7976
7977
7978
7979
7980
7984
7985
7986
7987
7991
7992
7997
7998
7999
8000
8001
8003
8004
8006
8007
8008
8010
8011
8013
8014
8018
8019
8021
8024
8025
8026
8027
8029
8033
8035
8036
8037
8038
8039
8040
8041
8042
8043
8045
8046
8047
8051
8052
8053
8054
8055
8057
8058
8061
8062
8063
8064
8066
8068
8070
8071
8072
8073
8075
8076
8078
8079
8081
8084
8085
8087
8088
8089
8093
8094
8096
8097
8099
8102
8104
8105
8106
8109
8110
8111
8112
8114
8115
8117
8118
8119
8122
8123
8124
8126
8127
8128
8129
8130
8132
8133
8134
8135
8136
8137
8139
8140
8141
8142
8145
8146
8151
8152
8154
8155
8156
8157
8158
8159
8161
8162
8164
8165
8167
8168
8169
8171
8173
8175
8176
8178
8179
8180
8181
8183
8185
8186
8189
8191
8192
8194
8195
8196
8197
8198
8199
8200
8201
8202
8203
8204
8205
8207
8212
8213
8216
8217
8218
8219
8221
8222
8223
8224
8226
8227
8228
8230
8231
8232
8234
8236
8238
8241
8242
8244
8249
8251
8252
8253
8254
8255
8257
8260
8261
8262
8263
8265
8267
8268
8269
8273
8274
8275
8279
8280
8281
8283
8287
8289
8291
8292
8293
8294
8297
8299
8300
8301
8302
8303
8304
8305
8306
8309
8310
8312
8317
8318
8319
8321
8322
8323
8325
8328
8329
8331
8333
8334
8336
8337
8338
8339
8341
8342
8343
8345
8346
8348
8349
8350
8351
8354
8355
8357
8358
8360
8361
8363
8365
8366
8371
8373
8375
8379
8381
8382
8383
8384
8385
8387
8388
8390
8391
8392
8393
8394
8397
8398
8401
8404
8406
8407
8408
8410
8411
8412
8414
8415
8417
8418
8419
8423
8424
8425
8432
8433
8434
8436
8438
8439
8440
8442
8444
8445
8449
8451
8452
8454
8457
8458
8460
8461
8462
8465
8466
8468
8470
8473
8474
8479
8480
8483
8484
8485
8486
8487
8488
8489
8490
8491
8493
8496
8500
8505
8510
8511
8514
8517
8518
8519
8521
8522
8525
8526
8527
8528
8529
8530
8531
8532
8533
8534
8535
8537
8539
8540
8543
8546
8548
8549
8550
8551
8554
8556
8557
8558
8559
8560
8561
8565
8567
8569
8570
8573
8575
8577
8578
8579
8580
8581
8582
8586
8588
8590
8591
8592
8593
8594
8597
8598
8599
8601
8603
8604
8606
8608
8609
8611
8612
8613
8616
8617
8620
8622
8624
8625
8626
8629
8630
8631
8635
8636
8638
8639
8641
8643
8644
8648
8653
8654
8656
8657
8660
8661
8664
8665
8666
8667
8671
8673
8675
8677
8681
8682
8683
8684
8687
8689
8690
8691
8692
8693
8695
8698
8700
8702
8703
8704
8705
8706
8707
8708
8709
8711
8712
8713
8715
8717
8719
8720
8721
8722
8729
8735
8736
8743
8744
8747
8748
8749
8750
8751
8753
8754
8759
8762
8763
8764
8766
8767
8768
8770
8771
8774
8779
8780
8781
8782
8783
8784
8789
8791
8792
8793
8795
8796
8797
8798
8799
8800
8801
8802
8803
8805
8806
8808
8809
8813
8816
8817
8821
8822
8823
8824
8825
8827
8828
8833
8834
8835
8836
8837
8839
8841
8842
8844
8845
8846
8847
8850
8851
8852
8855
8857
8858
8859
8861
8862
8864
8866
8869
8870
8872
8873
8874
8875
8876
8878
8879
8880
8881
8882
8883
8884
8885
8890
8891
8893
8896
8898
8902
8904
8905
8906
8913
8915
8916
8918
8919
8921
8925
8927
8928
8934
8935
8936
8937
8938
8939
8941
8942
8946
8947
8950
8951
8952
8954
8955
8957
8958
8959
8961
8963
8964
8965
8966
8971
8972
8974
8975
8976
8977
8978
8983
8984
8988
8991
8993
8995
8997
9000
9003
9004
9006
9007
9008
9009
9010
9011
9013
9014
9016
9017
9018
9019
9020
9021
9022
9024
9027
9028
9029
9030
9031
9032
9033
9036
9038
9039
9040
9041
9042
9043
9044
9045
9046
9047
9050
9051
9052
9057
9059
9060
9061
9062
9063
9065
9066
9067
9069
9070
9073
9076
9077
9078
9079
9080
9087
9088
9091
9092
9093
9094
9095
9097
9101
9102
9104
9107
9108
9109
9110
9111
9112
9113
9115
9117
9118
9119
9120
9121
9123
9124
9125
9127
9128
9131
9132
9133
9134
9137
9138
9139
9142
9143
9144
9145
9146
9148
9149
9150
9151
9152
9153
9154
9155
9156
9157
9158
9161
9163
9166
9167
9168
9169
9170
9172
9173
9174
9175
9178
9179
9180
9185
9186
9187
9189
9190
9191
9193
9197
9201
9202
9205
9206
9208
9216
9217
9219
9220
9222
9223
9226
9228
9233
9234
9236
9237
9238
9239
9242
9244
9245
9246
9248
9250
9254
9256
9257
9259
9260
9261
9263
9264
9265
9268
9272
9273
9274
9275
9277
9278
9280
9281
9285
9286
9287
9288
9289
9290
9291
9294
9295
9297
9298
9300
9301
9302
9303
9304
9305
9306
9307
9308
9310
9311
9313
9315
9316
9318
9319
9320
9321
9322
9323
9324
9326
9327
9328
9330
9331
9333
9334
9337
9338
9339
9340
9342
9344
9346
9347
9348
9349
9350
9352
9353
9354
9355
9356
9358
9359
9360
9361
9362
9363
9369
9370
9372
9373
9374
9375
9378
9379
9380
9381
9385
9388
9389
9390
9393
9395
9396
9397
9398
9400
9401
9402
9405
9406
9407
9410
9411
9414
9415
9416
9417
9420
9421
9422
9429
9430
9434
9435
9436
9440
9442
9443
9445
9448
9449
9450
9451
9453
9455
9457
9458
9459
9460
9463
9465
9466
9467
9468
9471
9473
9474
9475
9476
9477
9480
9481
9482
9483
9484
9488
9490
9492
9494
9495
9496
9497
9499
9500
9502
9503
9504
9505
9507
9509
9511
9514
9515
9518
9519
9520
9521
9523
9524
9525
9526
9527
9528
9530
9531
9532
9535
9539
9540
9542
9543
9544
9546
9547
9548
9549
9552
9554
9556
9557
9560
9561
9562
9564
9565
9567
9568
9571
9573
9574
9575
9576
9579
9580
9585
9587
9591
9593
9594
9595
9597
9599
9600
9601
9602
9604
9605
9608
9610
9612
9613
9615
9616
9620
9623
9624
9626
9627
9629
9630
9631
9632
9634
9636
9637
9638
9640
9641
9642
9646
9649
9651
9652
9653
9655
9657
9658
9659
9660
9662
9663
9665
9667
9668
9670
9673
9674
9677
9678
9681
9682
9683
9684
9688
9690
9691
9692
9695
9698
9700
9701
9702
9703
9705
9708
9710
9711
9712
9713
9714
9715
9716
9717
9719
9722
9723
9724
9725
9726
9730
9731
9733
9734
9735
9738
9742
9744
9746
9747
9748
9749
9750
9756
9758
9760
9761
9762
9763
9764
9765
9767
9768
9770
9772
9773
9775
9777
9778
9782
9785
9786
9788
9789
9790
9791
9792
9794
9796
9797
9799
9803
9806
9807
9808
9810
9811
9813
9814
9816
9817
9818
9820
9821
9822
9823
9824
9825
9826
9830
9833
9834
9835
9836
9840
9841
9843
9844
9845
9846
9847
9848
9849
9850
9851
9852
9853
9854
9855
9858
9859
9860
9861
9862
9864
9865
9866
9868
9870
9872
9873
9875
9876
9877
9878
9880
9881
9882
9884
9886
9888
9889
9890
9892
9893
9895
9898
9901
9902
9903
9904
9905
9908
9911
9914
9916
9917
9918
9920
9921
9922
9923
9924
9927
9930
9932
9933
9934
9935
9937
9939
9940
9943
9944
9945
9946
9949
9951
9953
9956
9958
9959
9962
9965
9966
9968
9970
9971
9972
9973
9976
9980
9981
9982
9986
9987
9989
9990
9991
9993
9994
9995
9996
9998
9999
10000
10003
10004
10006
10008
10009
10010
10011
10014
10015
10017
10018
10020
10021
10023
10025
10027
10029
10033
10034
10035
10036
10037
10038
10039
10040
10046
10047
10048
10050
10051
10053
10054
10055
10056
10060
10061
10062
10063
10064
10065
10068
10071
10076
10077
10078
10079
10081
10083
10084
10086
10087
10089
10090
10092
10094
10096
10098
10099
10101
10102
10103
10104
10107
10109
10110
10111
10113
10114
10115
10116
10118
10120
10122
10124
10125
10126
10129
10130
10131
10133
10135
10136
10137
10141
10143
10144
10145
10146
10148
10149
10150
10151
10152
10153
10154
10155
10157
10159
10160
10162
10164
10165
10167
10168
10170
10171
10175
10176
10177
10180
10181
10182
10185
10186
10188
10189
10190
10191
10192
10193
10195
10196
10198
10199
10200
10201
10207
10208
10210
10212
10213
10217
10218
10219
10220
10223
10230
10232
10234
10235
10236
10238
10240
10241
10245
10246
10249
10250
10252
10254
10255
10256
10259
10261
10262
10266
10268
10269
10270
10272
10273
10275
10276
10277
10278
10279
10280
10282
10289
10290
10291
10292
10296
10298
10300
10304
10305
10307
10309
10310
10312
10315
10316
10319
10322
10323
10324
10325
10326
10327
10328
10340
10341
10342
10343
10345
10348
10349
10351
10352
10353
10356
10357
10358
10361
10362
10363
10364
10365
10366
10369
10370
10371
10372
10373
10374
10375
10376
10377
10378
10379
10380
10382
10383
10384
10386
10388
10389
10390
10392
10393
10394
10396
10397
10398
10401
10402
10403
10405
10406
10408
10409
10412
10414
10415
10416
10417
10418
10419
10422
10425
10429
10430
10432
10433
10434
10435
10437
10439
10440
10441
10442
10447
10449
10450
10451
10453
10454
10456
10459
10460
10462
10464
10465
10466
10467
10469
10470
10472
10473
10474
10476
10477
10478
10479
10480
10481
10482
10483
10485
10486
10488
10492
10493
10494
10495
10496
10498
10499
10501
10503
10505
10506
10507
10508
10509
10512
10513
10514
10516
10520
10521
10522
10523
10525
10526
10527
10532
10535
10539
10540
10541
10542
10543
10544
10545
10546
10547
10549
10550
10551
10552
10554
10555
10558
10559
10561
10564
10565
10566
10570
10571
10573
10574
10575
10577
10578
10580
10581
10582
10584
10585
10586
10587
10588
10593
10594
10595
10597
10598
10599
10600
10603
10604
10605
10607
10608
10610
10613
10614
10617
10620
10622
10623
10624
10627
10628
10629
10633
10635
10636
10637
10638
10642
10645
10646
10647
10650
10653
10654
10656
10658
10659
10660
10661
10662
10664
10665
10668
10669
10670
10671
10673
10674
10677
10678
10679
10680
10682
10683
10686
10687
10689
10690
10694
10695
10696
10698
10699
10701
10703
10705
10706
10707
10710
10712
10714
10716
10718
10719
10723
10724
10728
10729
10730
10731
10732
10733
10734
10735
10736
10738
10741
10743
10745
10746
10748
10749
10753
10756
10757
10758
10759
10760
10761
10762
10763
10766
10769
10770
10771
10772
10773
10774
10775
10778
10782
10783
10784
10785
10786
10789
10791
10792
10793
10794
10795
10796
10798
10799
10800
10802
10804
10805
10809
10811
10813
10815
10816
10817
10818
10819
10823
10824
10826
10828
10831
10833
10834
10835
10837
10838
10842
10843
10844
10845
10848
10852
10854
10856
10859
10861
10864
10866
10867
10868
10869
10874
10875
10876
10879
10881
10884
10888
10889
10890
10891
10892
10894
10895
10898
10900
10901
10904
10905
10906
10907
10908
10910
10911
10913
10914
10916
10918
10922
10925
10927
10929
10930
10932
10933
10934
10937
10938
10939
10941
10942
10943
10945
10948
10949
10951
10954
10955
10957
10958
10960
10962
10964
10966
10968
10969
10971
10972
10973
10975
10976
10978
10979
10980
10982
10983
10987
10989
10990
10992
10993
10995
10997
10998
10999
11001
11004
11005
11006
11007
11008
11009
11011
11012
11013
11014
11015
11016
11017
11018
11019
11020
11021
11022
11023
11024
11027
11028
11029
11031
11032
11033
11034
11035
11036
11037
11038
11039
11040
11041
11042
11043
11044
11045
11046
11047
11048
11050
11052
11053
11054
11055
11056
11057
11058
11059
11060
11062
11063
11064
11065
11066
11070
11071
11072
11073
11074
11075
11076
11077
11078
11079
11080
11081
11082
11085
11086
11088
11089
11090
11092
11093
11095
11096
11097
11098
11100
11101
11102
11103
11104
11105
11106
11108
11110
11111
11112
11113
11114
11115
11118
11119
11120
11121
11123
11124
11125
11126
11127
11128
11129
11130
11132
11133
11135
11137
11138
11141
11142
11143
11144
11145
11146
11148
11149
11150
11151
11153
11154
11155
11156
11157
11159
11160
11163
11164
11165
11166
11168
11169
11170
11171
11172
11175
11176
11177
11178
11181
11182
11184
11185
11187
11189
11190
11191
11193
11196
11197
11198
11199
11200
11201
11202
11203
11204
11205
11209
11210
11211
11212
11213
11216
11217
11218
11219
11220
11221
11222
11223
11225
11226
11227
11228
11229
11230
11232
11233
11234
11235
11236
11238
11239
11241
11242
11244
11245
11246
11247
11248
11249
11250
11251
11253
11254
11255
11256
11257
11258
11260
11263
11264
11265
11266
11267
11268
11269
11270
11271
11272
11273
11275
11276
11277
11278
11279
11280
11281
11282
11283
11284
11285
11286
11287
11289
11290
11293
11295
11296
11297
11300
11301
11302
11304
11305
11306
11307
11308
11309
11310
11311
11312
11313
11315
11316
11317
11319
11321
11322
11324
11325
11326
11328
11329
11331
11332
11333
11334
11335
11336
11337
11338
11339
11342
11343
11344
11345
11346
11347
11348
11349
11351
11352
11353
11354
11355
11356
11357
11358
11359
11364
11365
11366
11367
11369
11370
11371
11372
11373
11375
11376
11377
11378
11379
11380
11381
11382
11383
11384
11385
11386
11387
11388
11389
11390
11391
11392
11393
11394
11395
11396
11397
11398
11399
11400
11401
11402
11403
11404
11405
11406
11407
11408
11409
11410
11411
11413
11414
11415
11416
11419
11421
11423
11424
11425
11426
11427
11428
11429
11430
11431
11432
11433
11434
11435
11436
11438
11440
11443
11444
11445
11446
11447
11448
11449
11450
11452
11453
11454
11455
11456
11457
11458
11459
11461
11462
11465
11467
11468
11472
11473
11475
11476
11478
11479
11481
11482
11483
11484
11485
11486
11487
11489
11490
11491
11492
11493
11495
11496
11497
11498
11500
11504
11505
11507
11508
11509
11510
11511
11512
11513
11514
11515
11516
11517
11518
11519
11520
11521
11522
11525
11526
11528
11529
11530
11531
11532
11533
11535
11537
11539
11542
11543
11544
11545
11546
11548
11550
11552
11554
11555
11556
11557
11558
11559
11560
11561
11562
11563
11564
11567
11568
11571
11573
11574
11575
11576
11577
11578
11579
11580
11581
11582
11584
11585
11586
11587
11589
11590
11591
11592
11593
11594
11595
11597
11598
11599
11600
11601
11602
11603
11604
11606
11608
11609
11610
11611
11612
11613
11615
11616
11617
11618
11619
11620
11621
11622
11624
11625
11626
11627
11629
11630
11631
11632
11633
11635
11636
11637
11638
11640
11641
11643
11644
11645
11646
11647
11649
11650
11651
11652
11653
11654
11655
11656
11657
11658
11659
11660
11662
11663
11664
11665
11666
11667
11670
11672
11673
11676
11677
11679
11681
11682
11683
11684
11685
11686
11688
11689
11690
11693
11695
11696
11697
11698
11699
11700
11701
11702
11703
11704
11705
11706
11707
11708
11710
11711
11712
11713
11714
11715
11716
11717
11719
11720
11721
11722
11723
11724
11725
11726
11727
11728
11729
11732
11734
11735
11736
11738
11739
11740
11741
11742
11743
11744
11745
11746
11747
11748
11749
11750
11752
11754
11755
11756
11757
11758
11759
11760
11761
11762
11763
11764
11765
11767
11768
11769
11770
11771
11772
11773
11774
11775
11777
11778
11779
11780
11781
11782
11784
11785
11786
11787
11788
11790
11791
11792
11794
11795
11796
11797
11798
11800
11801
11802
11803
11804
11805
11806
11807
11809
11810
11811
11814
11815
11816
11817
11819
11821
11822
11823
11824
11825
11826
11827
11828
11829
11834
11835
11837
11838
11839
11840
11841
11843
11844
11845
11847
11849
11851
11852
11853
11854
11855
11856
11858
11859
11860
11861
11862
11865
11866
11867
11868
11869
11870
11871
11872
11873
11874
11876
11877
11878
11879
11880
11881
11884
11885
11888
11889
11892
11893
11894
11895
11897
11898
11899
11901
11902
11903
11904
11905
11906
11907
11908
11909
11910
11912
11913
11914
11915
11916
11917
11918
11920
11922
11923
11924
11927
11929
11930
11931
11932
11933
11934
11935
11936
11937
11938
11939
11940
11941
11942
11943
11944
11945
11948
11951
11953
11954
11955
11957
11958
11959
11960
11961
11962
11963
11964
11967
11968
11970
11971
11972
11973
11974
11975
11979
11980
11981
11983
11984
11985
11986
11987
11989
11990
11992
11993
11995
11996
11997
11998
11999
12001
12002
12003
12004
12005
12006
12009
12010
12012
12013
12014
12016
12017
12018
12019
12020
12021
12022
12023
12025
12026
12027
12029
12030
12031
12032
12033
12034
12035
12036
12037
12038
12039
12040
12041
12042
12043
12044
12045
12049
12050
12051
12052
12054
12055
12056
12058
12059
12060
12061
12062
12063
12064
12066
12067
12068
12069
12070
12071
12072
12073
12074
12076
12078
12079
12080
12081
12082
12083
12084
12085
12086
12087
12088
12089
12090
12091
12092
12093
12096
12097
12099
12100
12102
12103
12104
12106
12108
12109
12110
12111
12112
12113
12114
12115
12117
12118
12119
12120
12123
12124
12125
12126
12127
12128
12129
12130
12131
12132
12133
12134
12136
12137
12138
12139
12140
12141
12142
12143
12144
12146
12147
12148
12151
12153
12154
12155
12156
12157
12158
12160
12161
12162
12163
12164
12165
12166
12168
12169
12170
12171
12172
12173
12175
12176
12177
12178
12180
12181
12183
12184
12185
12187
12189
12190
12192
12193
12194
12195
12196
12197
12198
12200
12202
12203
12204
12205
12206
12208
12209
12213
12214
12215
12216
12217
12218
12219
12220
12221
12224
12225
12226
12228
12229
12230
12231
12233
12234
12235
12237
12238
12240
12241
12243
12245
12246
12247
12248
12249
12250
12251
12252
12253
12254
12255
12257
12258
12259
12260
12261
12263
12265
12266
12267
12268
12270
12271
12272
12273
12275
12276
12278
12279
12280
12281
12282
12283
12286
12287
12288
12290
12291
12292
12294
12295
12298
12299
12301
12302
12303
12304
12305
12306
12307
12309
12310
12311
12312
12313
12315
12316
12317
12318
12319
12320
12321
12322
12323
12324
12325
12326
12327
12328
12329
12330
12331
12332
12333
12334
12335
12336
12337
12338
12339
12340
12341
12342
12343
12344
12346
12347
12348
12349
12350
12351
12354
12355
12357
12358
12359
12360
12361
12362
12363
12366
12367
12368
12369
12370
12371
12373
12374
12375
12376
12377
12378
12379
12380
12381
12382
12383
12384
12385
12386
12387
12388
12389
12391
12392
12394
12397
12398
12399
12400
12401
12402
12403
12404
12405
12407
12408
12409
12410
12411
12412
12414
12415
12416
12417
12419
12420
12422
12423
12425
12426
12427
12428
12429
12431
12432
12433
12434
12435
12436
12437
12438
12439
12440
12441
12442
12443
12444
12445
12448
12452
12453
12454
12455
12456
12458
12459
12461
12463
12464
12465
12466
12468
12469
12470
12471
12472
12473
12474
12475
12476
12477
12478
12479
12481
12482
12483
12484
12485
12486
12488
12489
12490
12491
12492
12493
12494
12495
12497
12498
12499
12500
12501
12502
12503
12504
12505
12506
12507
12508
12509
12510
12511
12512
12513
12515
12516
12517
12518
12519
12520
12521
12523
12525
12526
12529
12531
12532
12533
12534
12535
12536
12538
12539
12541
12542
12543
12544
12545
12546
12547
12548
12549
12550
12551
12552
12553
12554
12557
12558
12559
12560
12561
12563
12564
12565
12566
12567
12568
12569
12571
12572
12574
12575
12576
12577
12579
12580
12581
12582
12583
12584
12585
12586
12587
12589
12590
12592
12593
12594
12596
12597
12598
12599
12600
12601
12602
12603
12604
12605
12607
12608
12609
12611
12612
12613
12615
12616
12618
12619
12620
12621
12622
12623
12624
12625
12626
12628
12630
12631
12632
12633
12634
12635
12636
12637
12638
12639
12641
12644
12646
12647
12649
12650
12652
12654
12655
12656
12657
12658
12659
12660
12661
12662
12663
12666
12667
12670
12671
12672
12673
12674
12675
12676
12677
12678
12679
12680
12681
12682
12683
12684
12686
12687
12690
12691
12692
12693
12694
12696
12697
12699
12701
12702
12703
12705
12706
12707
12708
12709
12711
12713
12714
12715
12716
12718
12720
12721
12722
12723
12724
12725
12726
12727
12728
12729
12730
12732
12733
12734
12736
12737
12738
12741
12742
12744
12746
12747
12749
12750
12752
12753
12754
12755
12756
12757
12759
12761
12762
12763
12764
12765
12766
12767
12768
12769
12770
12771
12772
12774
12775
12776
12777
12778
12779
12781
12782
12783
12784
12785
12786
12787
12788
12789
12790
12791
12792
12794
12795
12796
12797
12799
12800
12801
12802
12803
12804
12805
12806
12807
12808
12809
12810
12811
12812
12813
12814
12815
12816
12817
12818
12819
12821
12822
12824
12825
12826
12827
12829
12832
12833
12835
12836
12837
12838
12839
12840
12841
12842
12843
12844
12845
12846
12847
12848
12849
12850
12851
12852
12853
12854
12855
12856
12857
12858
12859
12860
12861
12862
12864
12865
12866
12867
12868
12869
12871
12872
12873
12874
12876
12877
12879
12881
12882
12883
12884
12885
12886
12888
12889
12890
12892
12893
12894
12895
12898
12899
12900
12902
12903
12904
12905
12907
12908
12910
12911
12912
12913
12914
12916
12919
12920
12922
12923
12924
12925
12926
12927
12928
12929
12930
12931
12934
12935
12936
12937
12938
12939
12940
12941
12944
12945
12947
12948
12949
12950
12952
12953
12954
12955
12956
12957
12958
12959
12960
12962
12965
12966
12967
12968
12969
12970
12971
12973
12974
12975
12976
12979
12980
12981
12982
12983
12985
12986
12987
12988
12990
12991
12992
12993
12995
12997
12998
12999
13000
13002
13003
13004
13005
13006
13007
13009
13010
13011
13012
13013
13014
13015
13017
13018
13019
13020
13021
13022
13023
13024
13025
13026
13027
13029
13031
13032
13034
13036
13037
13038
13039
13042
13043
13044
13045
13046
13047
13048
13050
13051
13052
13053
13054
13056
13057
13058
13059
13061
13062
13063
13064
13069
13070
13071
13072
13076
13077
13078
13079
13080
13081
13082
13083
13084
13085
13087
13088
13089
13090
13096
13098
13099
13100
13101
13102
13103
13104
13105
13106
13107
13108
13109
13111
13113
13114
13115
13116
13118
13121
13122
13123
13124
13125
13126
13128
13129
13130
13131
13132
13133
13134
13135
13137
13138
13139
13140
13141
13142
13143
13145
13146
13148
13149
13150
13151
13153
13155
13157
13158
13159
13160
13161
13162
13163
13164
13165
13166
13167
13168
13169
13170
13171
13172
13173
13174
13175
13176
13177
13179
13180
13181
13183
13184
13185
13186
13187
13188
13189
13191
13192
13193
13194
13195
13197
13199
13200
13205
13206
13208
13209
13210
13212
13213
13214
13215
13216
13219
13220
13222
13224
13225
13227
13228
13229
13230
13231
13232
13233
13234
13235
13236
13237
13239
13240
13241
13242
13243
13244
13246
13247
13248
13251
13252
13254
13255
13256
13257
13258
13259
13260
13262
13263
13265
13266
13267
13269
13270
13271
13272
13273
13274
13275
13276
13277
13278
13279
13280
13281
13283
13284
13285
13286
13287
13288
13290
13292
13293
13294
13298
13300
13301
13303
13304
13305
13307
13308
13309
13310
13312
13314
13315
13316
13317
13318
13319
13323
13324
13325
13326
13327
13328
13329
13330
13331
13332
13333
13334
13336
13339
13340
13341
13342
13344
13346
13348
13349
13350
13351
13352
13353
13354
13355
13357
13358
13359
13361
13363
13364
13365
13366
13367
13368
13369
13370
13371
13372
13373
13374
13375
13376
13377
13378
13379
13380
13381
13382
13384
13385
13386
13387
13388
13389
13390
13391
13392
13393
13394
13395
13397
13399
13400
13401
13402
13403
13404
13405
13406
13407
13408
13409
13410
13411
13412
13414
13415
13416
13417
13418
13419
13420
13421
13422
13423
13426
13428
13429
13430
13432
13433
13434
13436
13437
13440
13442
13444
13445
13446
13447
13448
13449
13450
13452
13453
13454
13455
13456
13457
13458
13460
13461
13462
13464
13465
13466
13467
13468
13469
13470
13472
13473
13474
13475
13476
13477
13479
13480
13481
13482
13483
13484
13487
13488
13489
13490
13492
13493
13494
13495
13497
13498
13500
13501
13502
13504
13506
13507
13508
13509
13511
13514
13515
13516
13517
13518
13519
13520
13521
13522
13523
13524
13525
13526
13527
13530
13531
13532
13534
13535
13536
13537
13538
13539
13540
13541
13542
13543
13546
13547
13548
13550
13551
13552
13553
13554
13555
13556
13557
13558
13559
13562
13565
13566
13568
13570
13571
13573
13574
13575
13576
13577
13578
13579
13583
13584
13585
13586
13587
13588
13589
13590
13591
13592
13593
13594
13595
13596
13597
13598
13599
13600
13601
13602
13603
13605
13606
13607
13608
13609
13611
13612
13613
13614
13615
13616
13619
13620
13621
13622
13623
13625
13626
13628
13629
13630
13631
13634
13635
13636
13637
13638
13639
13640
13641
13643
13644
13645
13646
13647
13649
13651
13652
13653
13654
13655
13656
13657
13658
13659
13660
13661
13662
13663
13664
13666
13667
13668
13669
13670
13672
13674
13676
13677
13679
13680
13681
13682
13683
13684
13691
13692
13693
13694
13695
13696
13697
13698
13699
13700
13702
13703
13704
13705
13706
13707
13708
13709
13710
13711
13712
13713
13714
13715
13716
13717
13718
13719
13720
13721
13722
13723
13726
13727
13728
13729
13731
13732
13733
13734
13735
13737
13738
13739
13740
13742
13746
13747
13748
13749
13750
13751
